23.116 2573.484 -0.779 -9.772 0
23.166 2573.433 -1.267 -9.772 0
23.216 2573.358 -1.756 -9.77 0
23.266 2573.258 -2.244 -9.766 0
23.316 2573.133 -2.732 -9.762 0
23.366 2572.984 -3.22 -9.758 0
23.416 2572.811 -3.708 -9.754 0
23.466 2572.614 -4.196 -9.75 0
23.516 2572.392 -4.683 -9.742 0
23.566 2572.145 -5.17 -9.733 0
23.616 2571.875 -5.656 -9.724 0
23.666 2571.58 -6.142 -9.714 0
23.716 2571.26 -6.628 -9.702 0
23.766 2570.917 -7.113 -9.688 0
23.816 2570.549 -7.597 -9.672 0
23.866 2570.157 -8.08 -9.652 0
23.916 2569.741 -8.562 -9.63 0
23.966 2569.301 -9.043 -9.608 0
24.016 2568.837 -9.523 -9.586 0
24.066 2568.349 -10.001 -9.563 0
24.073 2568.284 -10.051 -7.606 0
24.425 2564.268 -12.726 -7.587 0
24.723 2560.197 -14.634 -6.412 0
25.019 2555.617 -16.239 -5.41 0
25.323 2550.486 -17.586 -4.438 0
25.671 2544.147 -18.828 -3.567 0
26.065 2536.514 -19.908 -2.74 0
26.548 2526.665 -20.841 -1.932 0
27.048 2516.094 -21.442 -1.2 0
27.548 2505.287 -21.788 -0.692 0
28.048 2494.343 -21.987 -0.399 0
28.548 2483.322 -22.099 -0.224 0
29.048 2472.258 -22.155 -0.112 0
29.548 2461.173 -22.185 -0.058 0
30.048000000000002 2450.078 -22.194 -0.018 0
30.548000000000002 2438.982 -22.193 0.001 0
31.048000000000002 2427.886 -22.188 0.01 0
31.548000000000002 2416.794 -22.18 0.016 0
32.048 2405.707 -22.169 0.021 0
32.548 2394.625 -22.158 0.023 0
33.048 2383.549 -22.145 0.025 0
33.548 2372.48 -22.132 0.026 0
34.048 2361.417 -22.119 0.026 0
34.548 2350.36 -22.106 0.026 0
35.048 2339.31 -22.093 0.026 0
35.548 2328.267 -22.08 0.026 0
36.048 2317.23 -22.067 0.026 0
36.548 2306.2 -22.054 0.026 0
37.048 2295.177 -22.041 0.026 0
37.548 2284.159 -22.028 0.026 0
38.048 2273.149 -22.015 0.026 0
38.548 2262.145 -22.002 0.026 0
39.048 2251.147 -21.988 0.028 0
39.548 2240.156 -21.975 0.025 0
40.048 2229.172 -21.963 0.025 0
40.548 2218.194 -21.95 0.025 0
41.048 2207.222 -21.937 0.026 0
41.548 2196.257 -21.924 0.025 0
42.048 2185.298 -21.912 0.026 0
42.548 2174.345 -21.899 0.025 0
43.048 2163.399 -21.887 0.025 0
43.548 2152.459 -21.873 0.026 0
44.048 2141.525 -21.861 0.024 0
44.548 2130.598 -21.848 0.026 0
45.048 2119.676 -21.836 0.024 0
45.548 2108.762 -21.823 0.026 0
46.048 2097.853 -21.811 0.024 0
46.548 2086.951 -21.798 0.026 0
47.048 2076.055 -21.786 0.024 0
47.548 2065.164 -21.774 0.024 0
48.048 2054.28 -21.762 0.024 0
48.548 2043.402 -21.75 0.024 0
49.048 2032.5300000000002 -21.738 0.024 0
49.548 2021.665 -21.725 0.025 0
50.048 2010.8049999999998 -21.713 0.024 0
50.548 1999.951 -21.701 0.024 0
51.048 1989.1039999999998 -21.689 0.024 0
51.548 1978.2620000000002 -21.677 0.024 0
52.048 1967.426 -21.665 0.024 0
52.548 1956.5970000000002 -21.653 0.025 0
53.048 1945.774 -21.64 0.025 0
53.548 1934.9569999999999 -21.627 0.026 0
54.048 1924.1460000000002 -21.615 0.025 0
54.548 1913.342 -21.602 0.026 0
55.048 1902.5439999999999 -21.589 0.025 0
55.548 1891.7530000000002 -21.576 0.025 0
56.048 1880.9679999999998 -21.564 0.025 0
56.548 1870.1889999999999 -21.551 0.026 0
57.048 1859.4160000000002 -21.539 0.024 0
57.548 1848.65 -21.527 0.024 0
58.048 1837.8890000000001 -21.514 0.025 0
58.548 1827.1350000000002 -21.502 0.024 0
59.048 1816.3870000000002 -21.49 0.025 0
59.548 1805.645 -21.478 0.025 0
60.048 1794.9099999999999 -21.465 0.025 0
60.548 1784.1799999999998 -21.453 0.024 0
61.048 1773.4560000000001 -21.441 0.024 0
61.548 1762.739 -21.429 0.024 0
62.048 1752.027 -21.417 0.024 0
62.548 1741.3220000000001 -21.405 0.024 0
63.048 1730.6219999999998 -21.393 0.024 0
63.548 1719.929 -21.381 0.024 0
64.048 1709.241 -21.369 0.024 0
64.548 1698.56 -21.357 0.024 0
65.048 1687.884 -21.345 0.024 0
65.548 1677.2150000000001 -21.333 0.024 0
66.048 1666.551 -21.321 0.025 0
66.548 1655.893 -21.309 0.023 0
67.048 1645.2420000000002 -21.298 0.023 0
67.548 1634.596 -21.286 0.024 0
68.048 1623.9560000000001 -21.274 0.023 0
68.548 1613.3220000000001 -21.262 0.024 0
69.048 1602.694 -21.251 0.023 0
69.548 1592.071 -21.239 0.023 0
70.048 1581.4540000000002 -21.228 0.023 0
70.548 1570.844 -21.216 0.024 0
71.048 1560.239 -21.204 0.023 0
71.548 1549.6390000000001 -21.193 0.023 0
72.048 1539.0459999999998 -21.181 0.023 0
72.548 1528.458 -21.17 0.023 0
73.048 1517.8760000000002 -21.157 0.025 0
73.548 1507.3000000000002 -21.147 0.021 0
74.048 1496.73 -21.136 0.022 0
74.548 1486.1640000000002 -21.125 0.022 0
75.048 1475.605 -21.114 0.022 0
75.548 1465.051 -21.102 0.024 0
76.048 1454.5030000000002 -21.09 0.023 0
76.548 1443.9609999999998 -21.079 0.023 0
77.048 1433.4250000000002 -21.067 0.023 0
77.548 1422.8939999999998 -21.055 0.024 0
78.048 1412.37 -21.043 0.023 0
78.548 1401.851 -21.031 0.023 0
79.048 1391.3380000000002 -21.02 0.024 0
79.548 1380.8310000000001 -21.008 0.023 0
80.048 1370.33 -20.996 0.023 0
80.548 1359.835 -20.985 0.023 0
81.048 1349.346 -20.973 0.024 0
81.548 1338.862 -20.961 0.023 0
82.048 1328.3850000000002 -20.95 0.023 0
82.548 1317.913 -20.937 0.025 0
83.048 1307.447 -20.925 0.024 0
83.548 1296.987 -20.914 0.022 0
84.048 1286.533 -20.903 0.022 0
84.548 1276.084 -20.892 0.023 0
85.048 1265.641 -20.881 0.023 0
85.548 1255.204 -20.868 0.024 0
86.048 1244.772 -20.858 0.022 0
86.548 1234.346 -20.847 0.022 0
87.048 1223.926 -20.835 0.023 0
87.548 1213.511 -20.824 0.022 0
88.048 1203.101 -20.813 0.022 0
88.548 1192.698 -20.802 0.022 0
89.048 1182.299 -20.791 0.022 0
89.548 1171.907 -20.78 0.022 0
90.048 1161.52 -20.769 0.022 0
90.548 1151.138 -20.757 0.022 0
91.048 1140.762 -20.746 0.023 0
91.548 1130.392 -20.735 0.022 0
92.048 1120.027 -20.724 0.022 0
92.548 1109.668 -20.713 0.023 0
93.048 1099.314 -20.702 0.021 0
93.548 1088.966 -20.691 0.023 0
94.048 1078.623 -20.68 0.021 0
94.548 1068.285 -20.67 0.021 0
95.048 1057.953 -20.659 0.022 0
95.548 1047.626 -20.648 0.021 0
96.048 1037.305 -20.638 0.021 0
96.548 1026.989 -20.627 0.021 0
97.048 1016.6780000000001 -20.615 0.024 0
97.548 1006.373 -20.605 0.02 0
98.048 996.0740000000001 -20.594 0.021 0
98.548 985.779 -20.584 0.02 0
99.048 975.49 -20.574 0.021 0
99.548 965.2059999999999 -20.563 0.021 0
100.048 954.9269999999999 -20.551 0.023 0
100.548 944.654 -20.541 0.021 0
101.048 934.386 -20.53 0.022 0
101.548 924.124 -20.519 0.022 0
102.048 913.867 -20.508 0.022 0
102.548 903.616 -20.497 0.022 0
103.048 893.3710000000001 -20.485 0.023 0
103.548 883.1310000000001 -20.474 0.021 0
104.048 872.896 -20.464 0.022 0
104.548 862.6669999999999 -20.452 0.022 0
105.048 852.444 -20.442 0.021 0
105.548 842.2260000000001 -20.43 0.022 0
106.048 832.0129999999999 -20.42 0.021 0
106.548 821.806 -20.409 0.022 0
107.048 811.604 -20.398 0.021 0
107.548 801.4079999999999 -20.387 0.022 0
108.048 791.2170000000001 -20.377 0.021 0
108.548 781.0319999999999 -20.365 0.023 0
109.048 770.8520000000001 -20.355 0.021 0
109.548 760.6769999999999 -20.344 0.021 0
110.048 750.5070000000001 -20.334 0.021 0
110.548 740.3430000000001 -20.323 0.021 0
111.048 730.184 -20.313 0.021 0
111.548 720.03 -20.302 0.021 0
112.048 709.8820000000001 -20.292 0.021 0
112.548 699.738 -20.281 0.021 0
113.048 689.5999999999999 -20.271 0.021 0
113.548 679.4670000000001 -20.26 0.021 0
114.048 669.3399999999999 -20.25 0.021 0
114.548 659.2180000000001 -20.239 0.021 0
115.048 649.0999999999999 -20.229 0.021 0
115.548 638.988 -20.219 0.021 0
116.048 628.8820000000001 -20.208 0.021 0
116.548 618.78 -20.198 0.021 0
117.048 608.684 -20.188 0.02 0
117.548 598.5920000000001 -20.178 0.02 0
118.048 588.5060000000001 -20.168 0.02 0
118.548 578.425 -20.157 0.02 0
119.048 568.3489999999999 -20.147 0.021 0
119.548 558.278 -20.137 0.02 0
120.048 548.212 -20.127 0.021 0
120.548 538.1510000000001 -20.117 0.02 0
121.048 528.095 -20.107 0.02 0
121.548 518.0450000000001 -20.096 0.021 0
122.048 507.999 -20.086 0.019 0
122.548 497.9580000000001 -20.077 0.02 0
123.048 487.922 -20.067 0.02 0
123.548 477.8910000000001 -20.057 0.02 0
124.048 467.866 -20.047 0.02 0
124.548 457.845 -20.037 0.021 0
125.048 447.8299999999999 -20.024 0.026 0
125.548 437.81999999999994 -20.013 0.021 0
126.048 427.81600000000003 -20.004 0.019 0
126.548 417.817 -19.994 0.019 0
127.048 407.8219999999999 -19.984 0.02 0
127.548 397.8330000000001 -19.974 0.02 0
128.048 387.84899999999993 -19.964 0.02 0
128.548 377.8689999999999 -19.953 0.02 0
129.048 367.895 -19.943 0.021 0
129.548 357.92599999999993 -19.933 0.02 0
130.048 347.96299999999997 -19.922 0.021 0
130.548 338.0039999999999 -19.912 0.02 0
131.048 328.04999999999995 -19.902 0.02 0
131.548 318.1020000000001 -19.892 0.02 0
132.048 308.1579999999999 -19.882 0.021 0
132.548 298.22 -19.872 0.02 0
133.048 288.28700000000003 -19.862 0.02 0
133.548 278.35799999999995 -19.851 0.02 0
134.048 268.43499999999995 -19.842 0.02 0
134.548 258.51700000000005 -19.832 0.02 0
135.048 248.60299999999995 -19.822 0.02 0
135.548 238.69500000000005 -19.811 0.02 0
136.048 228.79200000000003 -19.801 0.021 0
136.548 218.894 -19.792 0.019 0
137.048 209.0 -19.782 0.019 0
137.548 199.11199999999997 -19.772 0.02 0
138.048 189.22900000000004 -19.762 0.02 0
138.548 179.35000000000002 -19.752 0.021 0
139.048 169.47699999999998 -19.742 0.019 0
139.548 159.60799999999995 -19.733 0.019 0
140.048 149.74400000000003 -19.723 0.019 0
140.548 139.885 -19.713 0.02 0
141.048 130.03099999999995 -19.704 0.019 0
141.548 120.18100000000004 -19.694 0.019 0
142.048 110.33699999999999 -19.684 0.02 0
142.548 100.49699999999996 -19.675 0.019 0
143.048 90.66200000000003 -19.665 0.019 0
143.548 80.832 -19.656 0.019 0
144.048 71.00699999999995 -19.646 0.019 0
144.548 61.186000000000035 -19.636 0.02 0
145.048 51.370000000000005 -19.627 0.019 0
145.548 41.559999999999945 -19.615 0.023 0
146.048 31.75400000000002 -19.607 0.018 0
146.548 21.952999999999975 -19.597 0.019 0
147.048 12.157000000000039 -19.588 0.017 0
147.548 2.365000000000009 -19.579 0.019 0
148.048 -7.4220000000000255 -19.569 0.02 0
148.548 -17.20399999999995 -19.56 0.018 0
149.048 -26.98199999999997 -19.551 0.017 0
149.548 -36.754999999999995 -19.542 0.019 0
150.048 -46.523000000000025 -19.532 0.02 0
150.548 -56.287000000000035 -19.522 0.019 0
151.048 -66.04499999999996 -19.513 0.019 0
151.548 -75.79899999999998 -19.503 0.02 0
152.048 -85.548 -19.493 0.019 0
152.548 -95.29200000000003 -19.483 0.02 0
153.048 -105.03200000000004 -19.473 0.021 0
153.548 -114.76599999999996 -19.464 0.019 0
154.048 -124.495 -19.454 0.019 0
154.548 -134.22000000000003 -19.445 0.019 0
155.048 -143.94000000000005 -19.435 0.019 0
155.548 -153.65499999999997 -19.426 0.019 0
156.048 -163.365 -19.416 0.019 0
156.548 -173.07100000000003 -19.406 0.019 0
157.048 -182.77200000000005 -19.396 0.02 0
157.548 -192.46699999999998 -19.387 0.019 0
158.048 -202.15800000000002 -19.377 0.02 0
158.548 -211.84400000000005 -19.368 0.018 0
159.048 -221.52599999999995 -19.359 0.018 0
159.548 -231.20299999999997 -19.349 0.019 0
160.048 -240.875 -19.34 0.019 0
160.548 -250.543 -19.331 0.018 0
161.048 -260.206 -19.321 0.018 0
161.548 -269.864 -19.312 0.019 0
162.048 -279.518 -19.303 0.018 0
162.548 -289.166 -19.293 0.018 0
163.048 -298.811 -19.284 0.019 0
163.548 -308.45 -19.274 0.019 0
164.048 -318.085 -19.265 0.019 0
164.548 -327.715 -19.256 0.018 0
165.048 -337.341 -19.246 0.02 0
165.548 -346.962 -19.237 0.018 0
166.048 -356.578 -19.228 0.018 0
166.548 -366.19 -19.219 0.018 0
167.048 -375.798 -19.21 0.018 0
167.548 -385.4 -19.201 0.018 0
168.048 -394.999 -19.192 0.018 0
168.548 -404.593 -19.183 0.019 0
169.048 -414.182 -19.174 0.017 0
169.548 -423.767 -19.165 0.018 0
170.048 -433.347 -19.156 0.017 0
170.548 -442.923 -19.148 0.017 0
170.554 -443.03 -18.648 88.373 0
170.555 -443.051 -18.554 83.313 0
170.556 -443.073 -18.455 82.385 0
170.558 -443.096 -18.355 81.401 0
170.559 -443.119 -18.255 80.418 0
170.56 -443.142 -18.154 79.436 0
170.561 -443.165 -18.053 78.453 0
170.563 -443.189 -17.951 77.471 0
170.564 -443.213 -17.849 76.489 0
170.565 -443.237 -17.746 75.508 0
170.567 -443.262 -17.642 74.526 0
170.568 -443.286 -17.538 73.545 0
170.57 -443.312 -17.433 72.564 0
170.571 -443.337 -17.328 71.583 0
170.573 -443.363 -17.222 70.602 0
170.574 -443.389 -17.115 69.622 0
170.576 -443.416 -17.008 68.642 0
170.577 -443.443 -16.9 67.662 0
170.579 -443.471 -16.792 66.683 0
170.581 -443.498 -16.682 65.704 0
170.582 -443.527 -16.572 64.725 0
170.584 -443.555 -16.462 63.746 0
170.586 -443.584 -16.35 62.768 0
170.588 -443.614 -16.238 61.79 0
170.59 -443.644 -16.126 60.812 0
170.591 -443.674 -16.012 59.834 0
170.593 -443.705 -15.898 58.857 0
170.595 -443.737 -15.783 57.881 0
170.597 -443.769 -15.667 56.904 0
170.6 -443.802 -15.55 55.928 0
170.602 -443.835 -15.432 54.953 0
170.604 -443.868 -15.314 53.978 0
170.606 -443.903 -15.195 53.003 0
170.608 -443.938 -15.075 52.029 0
170.611 -443.973 -14.954 51.055 0
170.613 -444.01 -14.832 50.082 0
170.616 -444.047 -14.709 49.109 0
170.618 -444.084 -14.585 48.137 0
170.621 -444.123 -14.46 47.165 0
170.624 -444.162 -14.334 46.193 0
170.626 -444.202 -14.207 45.223 0
170.629 -444.243 -14.079 44.252 0
170.632 -444.285 -13.95 43.283 0
170.635 -444.328 -13.819 42.314 0
170.639 -444.371 -13.688 41.345 0
170.642 -444.416 -13.555 40.378 0
170.645 -444.462 -13.422 39.411 0
170.649 -444.509 -13.287 38.444 0
170.652 -444.557 -13.15 37.479 0
170.656 -444.606 -13.013 36.514 0
170.66 -444.657 -12.874 35.55 0
170.664 -444.709 -12.733 34.587 0
170.668 -444.762 -12.592 33.625 0
170.673 -444.817 -12.448 32.663 0
170.677 -444.873 -12.304 31.703 0
170.682 -444.932 -12.157 30.744 0
170.687 -444.992 -12.009 29.786 0
170.692 -445.054 -11.86 28.829 0
170.698 -445.118 -11.708 27.873 0
170.703 -445.184 -11.555 26.918 0
170.709 -445.252 -11.401 25.965 0
170.716 -445.323 -11.245 25.013 0
170.722 -445.396 -11.086 24.066 0
170.729 -445.472 -10.926 23.12 0
170.736 -445.552 -10.764 22.176 0
170.744 -445.634 -10.6 21.234 0
170.752 -445.721 -10.433 20.294 0
170.761 -445.811 -10.264 19.357 0
170.77 -445.906 -10.093 18.419 0
170.78 -446.005 -9.918 17.483 0
170.791 -446.11 -9.742 16.55 0
170.802 -446.221 -9.563 15.62 0
170.815 -446.338 -9.381 14.694 0
170.828 -446.463 -9.196 13.771 0
170.843 -446.596 -9.009 12.853 0
170.859 -446.738 -8.818 11.94 0
170.876 -446.891 -8.625 11.031 0
170.896 -447.055 -8.43 10.127 0
170.917 -447.233 -8.232 9.237 0
170.941 -447.431 -8.029 8.353 0
170.969 -447.648 -7.824 7.471 0
171.0 -447.891 -7.617 6.6 0
171.036 -448.163 -7.409 5.743 0
171.079 -448.478 -7.197 4.905 0
171.132 -448.847 -6.985 4.079 0
171.195 -449.285 -6.776 3.273 0
171.278 -449.836 -6.569 2.507 0
171.389 -450.555 -6.373 1.771 0
171.55 -451.568 -6.197 1.088 0
171.769 -452.911 -6.089 0.495 0
172.269 -455.938 -6.018 0.143 0
172.769 -458.958 -6.06 -0.084 0
173.269 -461.981 -6.033 0.055 0
173.769 -465.002 -6.049 -0.032 0
174.269 -468.023 -6.036 0.025 0
174.769 -471.043 -6.044 -0.016 0
175.269 -474.064 -6.039 0.01 0
175.769 -477.083 -6.035 0.008 0
176.269 -480.102 -6.04 -0.01 0
176.769 -483.121 -6.037 0.007 0
177.269 -486.14 -6.039 -0.004 0
177.769 -489.158 -6.034 0.009 0
178.269 -492.174 -6.031 0.007 0
178.769 -495.18899999999996 -6.031 -0.0 0
179.269 -498.206 -6.035 -0.008 0
179.769 -501.22 -6.023 0.024 0
180.269 -504.235 -6.039 -0.031 0
180.769 -507.252 -6.027 0.022 0
181.269 -510.26599999999996 -6.03 -0.006 0
181.769 -513.281 -6.028 0.005 0
182.269 -516.293 -6.022 0.011 0
182.769 -519.3050000000001 -6.023 -0.002 0
183.269 -522.318 -6.03 -0.013 0
183.76 -525.269 -5.995 0.071 0
184.183 -527.816 -6.037 -0.099 0
184.683 -530.83 -6.017 0.04 0
185.183 -533.841 -6.028 -0.022 0
185.683 -536.852 -6.018 0.019 0
186.183 -539.863 -6.024 -0.011 0
186.683 -542.874 -6.019 0.01 0
187.183 -545.8820000000001 -6.015 0.008 0
187.683 -548.891 -6.02 -0.009 0
188.183 -551.9 -6.017 0.007 0
188.683 -554.909 -6.018 -0.002 0
189.183 -557.917 -6.016 0.004 0
189.683 -560.924 -6.015 0.002 0
190.183 -563.931 -6.011 0.008 0
190.683 -566.937 -6.013 -0.005 0
191.183 -569.943 -6.012 0.002 0
191.683 -572.948 -6.008 0.008 0
192.183 -575.953 -6.011 -0.006 0
192.683 -578.958 -6.009 0.005 0
193.183 -581.962 -6.009 0.0 0
193.683 -584.966 -6.008 0.002 0
194.183 -587.969 -6.005 0.006 0
194.683 -590.972 -6.007 -0.005 0
195.183 -593.975 -6.004 0.006 0
195.683 -596.977 -6.004 0.0 0
196.183 -599.979 -6.001 0.007 0
196.683 -602.979 -6.002 -0.003 0
197.183 -605.98 -6.0 0.005 0
197.683 -608.98 -6.001 -0.003 0
198.183 -611.977 -5.987 0.03 0
198.683 -614.975 -6.006 -0.04 0
199.183 -617.975 -5.993 0.028 0
199.683 -620.972 -5.996 -0.006 0
200.183 -623.97 -5.996 -0.001 0
200.683 -626.968 -5.994 0.004 0
201.183 -629.965 -5.995 -0.001 0
201.683 -632.96 -5.987 0.015 0
202.183 -635.955 -5.992 -0.01 0
202.683 -638.949 -5.981 0.022 0
203.15 -641.746 -5.991 -0.021 0
203.616 -644.534 -5.982 0.02 0
204.116 -647.528 -5.993 -0.023 0
204.616 -650.521 -5.98 0.027 0
205.116 -653.513 -5.988 -0.018 0
205.616 -656.506 -5.985 0.006 0
206.116 -659.496 -5.974 0.022 0
206.611 -662.46 -5.988 -0.028 0
207.111 -665.451 -5.978 0.02 0
207.611 -668.44 -5.977 0.003 0
208.039 -670.997 -5.977 -0.0 0
208.489 -673.686 -5.98 -0.007 0
208.989 -676.675 -5.978 0.004 0
209.489 -679.665 -5.98 -0.005 0
209.989 -682.654 -5.977 0.007 0
210.489 -685.642 -5.976 0.002 0
210.989 -688.628 -5.966 0.019 0
211.3 -690.483 -5.962 0.014 0
211.705 -692.903 -5.979 -0.042 0
212.205 -695.89 -5.967 0.025 0
212.705 -698.876 -5.978 -0.023 0
213.205 -701.863 -5.969 0.019 0
213.705 -704.845 -5.961 0.015 0
214.205 -707.829 -5.974 -0.026 0
214.705 -710.813 -5.964 0.02 0
215.122 -713.297 -5.957 0.017 0
215.622 -716.28 -5.976 -0.038 0
216.122 -719.264 -5.963 0.027 0
216.574 -721.958 -5.944 0.042 0
216.921 -724.02 -5.968 -0.071 0
217.421 -727.002 -5.96 0.016 0
217.921 -729.982 -5.96 0.001 0
218.421 -732.963 -5.965 -0.011 0
218.921 -735.941 -5.946 0.038 0
