0.00 0.098 0.081 0.06 0.089
0.01 0.064 0.041 0.059 0.088
0.02 0.051 0.01 0.02 0.047
0.03 0.063 0.038 0.068 0.095
0.04 0.066 0.092 0.069 0.028
0.05 0.081 0.053 0.036 0.022
0.06 0.00 0.075 0.059 0.026
0.07 0.008 0.021 0.061 0.006
0.08 0.054 0.021 0.047 0.018
0.09 0.015 0.006 0.006 0.066
0.1 0.016 0.078 0.065 0.08
0.11 0.069 0.085 0.027 0.035
0.12 0.077 0.096 0.063 0.011
0.13 0.049 0.099 0.033 0.001
0.14 0.027 0.044 0.027 0.087
0.15 0.065 0.04 0.093 0.02
0.16 0.014 0.092 0.038 0.029
0.17 0.098 0.097 0.047 0.067
0.18 0.075 0.013 0.047 0.044
0.19 0.098 0.026 0.032 0.028
0.2 0.022 0.047 0.039 0.023
0.21 0.099 0.024 0.024 0.026
0.22 0.068 0.004 0.065 0.034
0.23 0.096 0.01 0.006 0.01
0.24 0.002 0.096 0.091 0
0.25 0.093 0.039 0.067 0.021
0.26 0.052 0.066 0.017 0.002
0.27 0.092 0.049 0.082 0.066
0.28 0.097 0.073 0.041 0.096
0.29 0.097 0.066 0.074 0.018
0.3 0.022 0.039 0.004 0.018
0.31 0.049 0.01 0.081 0.003
0.32 0.006 0.072 0.003 0.052
0.33 0.011 0.023 0.073 0.015
0.34 0.089 0.09 0.07 0.034
0.35 0.092 0.052 0.052 0.089
0.36 0.026 0.094 0.037 0.075
0.37 0.012 0.063 0.093 0.034
0.38 0.054 0.049 0.004 0.055
0.39 0.011 0.037 0.058 0.018
0.4 0.062 0.061 0.022 0.073
0.41 0.036 0.095 0.041 0.078
0.42 0.085 0.011 0.012 0.077
0.43 0.015 0.016 0.018 0.093
0.44 0.01 0.007 0.069 0.022
0.45 0.07 0.014 0.008 0.024
0.46 0.016 0.065 0.079 0.027
0.47 0.002 0.037 0.097 0.064
0.48 0.051 0.019 0.09 0.087
0.49 0.014 0.083 0.017 0.052
0.5 0.046 0.029 0.081 0.061
0.510296 0.02 1.94258 188.68 0
0.52352 0.06 3.36463 103.869 0
0.537475 0.12 4.75828 98.6338 0
0.548439 0.18 5.82765 97.1118 0
0.560626 0.26 7.00392 96.2196 0
0.571108 0.34 8.00923 95.7591 0
0.582641 0.44 9.11116 95.4231 0
0.592949 0.54 10.0935 95.2128 0
0.604148 0.66 11.1586 95.0444 0
0.614382 0.78 12.1306 94.9273 0
0.625382 0.92 13.1742 94.8284 0
0.635581 1.06 14.1409 94.7546 0
0.646451 1.22 15.1704 94.6899 0
0.656634 1.38 16.1343 94.639 0
0.667412 1.56 17.1541 94.5931 0
0.677588 1.74 18.1164 94.5554 0
0.688298 1.94 19.1289 94.5205 0
0.698472 2.14 20.0904 94.4909 0
0.709131 2.36 21.0974 94.4629 0
0.719306 2.58 22.0585 94.4384 0
0.729925 2.82 23.0611 94.4147 0
0.740102 3.06 24.0219 94.3935 0
0.750689 3.32 25.0211 94.3728 0
0.760869 3.58 25.9818 94.3537 0
0.771429 3.86 26.978 94.3348 0
0.781614 4.14 27.9387 94.3172 0
0.792152 4.44 28.9325 94.2995 0
0.80234 4.74 29.8932 94.2828 0
0.81286 5.06 30.8849 94.2659 0
0.823052 5.38 31.8456 94.2497 0
0.833556 5.72 32.8355 94.2332 0
0.843753 6.06 33.7963 94.2173 0
0.854243 6.42 34.7845 94.2009 0
0.864443 6.78 35.7453 94.1851 0
0.874922 7.16 36.7322 94.1688 0
0.885127 7.54 37.6931 94.1529 0
0.895595 7.94 38.6786 94.1364 0
0.905803 8.34 39.6395 94.1203 0
0.916263 8.76 40.6238 94.1037 0
0.926475 9.18 41.5848 94.0873 0
0.936927 9.62 42.568 94.0704 0
0.947143 10.06 43.529 94.0537 0
0.957587 10.52 44.5112 94.0364 0
0.967807 10.98 45.4721 94.0193 0
0.977815 11.44 46.413 94.0024 0
0.988046 11.92 47.3747 93.9849 0
0.998074 12.4 48.3171 93.9675 0
1.00832 12.9 49.2794 93.9495 0
1.01836 13.4 50.2232 93.9316 0
1.02861 13.92 51.186 93.9131 0
1.03868 14.44 52.1309 93.8947 0
1.04894 14.98 53.0942 93.8757 0
1.05901 15.52 54.0401 93.8568 0
1.06928 16.08 55.0038 93.8373 0
1.07937 16.64 55.9506 93.8178 0
1.08965 17.22 56.9144 93.7977 0
1.09975 17.8 57.862 93.7777 0
1.11003 18.4 58.826 93.7571 0
1.12015 19 59.7743 93.7365 0
1.13044 19.62 60.7384 93.7153 0
1.14056 20.24 61.6873 93.6942 0
1.15085 20.88 62.6515 93.6724 0
1.16099 21.52 63.6008 93.6507 0
1.17129 22.18 64.565 93.6284 0
1.18143 22.84 65.5148 93.6061 0
1.19143 23.5 66.4508 93.5838 0
1.20159 24.18 67.4013 93.5609 0
1.21161 24.86 68.3384 93.5381 0
1.22178 25.56 69.2896 93.5146 0
1.23181 26.26 70.2277 93.4912 0
1.24199 26.98 71.1794 93.4671 0
1.25204 27.7 72.1184 93.4431 0
1.26223 28.44 73.0706 93.4184 0
1.27229 29.18 74.0104 93.3937 0
1.28249 29.94 74.963 93.3685 0
1.29257 30.7 75.9034 93.3432 0
1.30278 31.48 76.8563 93.3173 0
1.31286 32.26 77.7974 93.2915 0
1.32308 33.06 78.7506 93.265 0
1.33318 33.86 79.6921 93.2386 0
1.34341 34.68 80.6455 93.2115 0
1.35351 35.5 81.5875 93.1844 0
1.36375 36.34 82.541 93.1567 0
1.37386 37.18 83.4834 93.1291 0
1.38387 38.02 84.415 93.1014 0
1.394 38.88 85.358 93.0732 0
1.40402 39.74 86.2903 93.0449 0
1.41416 40.62 87.2338 93.0161 0
1.42419 41.5 88.1669 92.9872 0
1.43435 42.4 89.1108 92.9577 0
1.44439 43.3 90.0445 92.9283 0
1.45455 44.22 90.9887 92.8982 0
1.46461 45.14 91.923 92.8682 0
1.47478 46.08 92.8675 92.8375 0
1.48486 47.02 93.8023 92.8068 0
1.49504 47.98 94.747 92.7755 0
1.50512 48.94 95.6822 92.7443 0
1.51531 49.92 96.6272 92.7124 0
1.5254 50.9 97.5627 92.6805 0
1.5356 51.9 98.5078 92.648 0
1.5457 52.9 99.4436 92.6156 0
1.55571 53.9 100.37 92.5832 0
1.56583 54.92 101.307 92.5501 0
1.57585 55.94 102.234 92.5171 0
1.58597 56.98 103.171 92.4834 0
1.59601 58.02 104.098 92.4498 0
1.60614 59.08 105.035 92.4156 0
1.61619 60.14 105.964 92.3813 0
1.62634 61.22 106.901 92.3465 0
1.6364 62.3 107.829 92.3117 0
1.64655 63.4 108.767 92.2763 0
1.65662 64.5 109.696 92.2409 0
1.66679 65.62 110.633 92.2048 0
1.67687 66.74 111.563 92.1688 0
1.68704 67.88 112.5 92.1322 0
1.69713 69.02 113.43 92.0957 0
1.70714 70.16 114.351 92.0591 0
1.71724 71.32 115.281 92.022 0
1.72727 72.48 116.203 91.9848 0
1.73738 73.66 117.133 91.9471 0
1.74741 74.84 118.056 91.9094 0
1.75754 76.04 118.986 91.871 0
1.76758 77.24 119.909 91.8327 0
1.77772 78.46 120.839 91.7938 0
1.78777 79.68 121.762 91.755 0
1.79792 80.92 122.693 91.7155 0
1.80799 82.16 123.616 91.6761 0
1.81814 83.42 124.547 91.636 0
1.82822 84.68 125.47 91.596 0
1.83823 85.94 126.386 91.556 0
1.84832 87.22 127.31 91.5154 0
1.85833 88.5 128.226 91.4748 0
1.86843 89.8 129.15 91.4337 0
1.87846 91.1 130.067 91.3926 0
1.88858 92.42 130.991 91.3508 0
1.89862 93.74 131.908 91.3092 0
1.90874 95.08 132.832 91.2669 0
1.91879 96.42 133.749 91.2246 0
1.92893 97.78 134.674 91.1818 0
1.93899 99.14 135.591 91.139 0
1.94913 100.52 136.515 91.0956 0
1.95921 101.9 137.433 91.0522 0
1.96921 103.28 138.344 91.0089 0
1.9793 104.68 139.261 90.965 0
1.98932 106.08 140.172 90.9211 0
1.99942 107.5 141.09 90.8766 0
2.00945 108.92 142.002 90.8322 0
2.01956 110.36 142.92 90.7871 0
2.0296 111.8 143.831 90.7422 0
2.03972 113.26 144.749 90.6966 0
2.04977 114.72 145.661 90.6511 0
2.0599 116.2 146.579 90.605 0
2.06996 117.68 147.49 90.5589 0
2.07997 119.16 148.396 90.5129 0
2.09004 120.66 149.308 90.4663 0
2.10006 122.16 150.214 90.4197 0
2.11015 123.68 151.126 90.3726 0
2.12018 125.2 152.032 90.3255 0
2.13027 126.74 152.943 90.2778 0
2.14031 128.28 153.85 90.2302 0
2.15042 129.84 154.761 90.182 0
2.16047 131.4 155.668 90.1338 0
2.17059 132.98 156.579 90.0851 0
2.18065 134.56 157.486 90.0364 0
2.19066 136.14 158.386 89.9877 0
2.20073 137.74 159.292 89.9385 0
2.21075 139.34 160.193 89.8894 0
2.22083 140.96 161.099 89.8397 0
2.23086 142.58 162 89.79 0
2.24095 144.22 162.906 89.7397 0
2.25099 145.86 163.806 89.6895 0
2.2611 147.52 164.712 89.6388 0
2.27115 149.18 165.613 89.5881 0
2.28126 150.86 166.519 89.5368 0
2.29133 152.54 167.42 89.4856 0
2.30133 154.22 168.315 89.4344 0
2.31141 155.92 169.216 89.3827 0
2.32143 157.62 170.111 89.331 0
2.33151 159.34 171.011 89.2788 0
2.34154 161.06 171.907 89.2266 0
2.35164 162.8 172.807 89.1739 0
2.36168 164.54 173.703 89.1212 0
2.37178 166.3 174.603 89.068 0
2.38184 168.06 175.498 89.0148 0
2.39184 169.82 176.388 88.9617 0
2.40191 171.6 177.283 88.9081 0
2.41192 173.38 178.174 88.8545 0
2.422 175.18 179.069 88.8003 0
2.43203 176.98 179.959 88.7462 0
2.44211 178.8 180.854 88.6916 0
2.45215 180.62 181.744 88.637 0
2.46225 182.46 182.639 88.5819 0
2.4723 184.3 183.529 88.5269 0
2.4823 186.14 184.414 88.4719 0
2.49236 188 185.304 88.4163 0
2.50238 189.86 186.189 88.3609 0
2.51245 191.74 187.078 88.3049 0
2.52247 193.62 187.963 88.2489 0
2.53256 195.52 188.853 88.1924 0
2.5426 197.42 189.738 88.136 0
2.55269 199.34 190.627 88.0791 0
2.56274 201.26 191.512 88.0222 0
2.57274 203.18 192.392 87.9654 0
2.5828 205.12 193.277 87.9081 0
2.59282 207.06 194.157 87.8508 0
2.60289 209.02 195.042 87.793 0
2.61291 210.98 195.922 87.7353 0
2.623 212.96 196.806 87.677 0
2.63304 214.94 197.686 87.6188 0
2.64313 216.94 198.57 87.5601 0
2.65318 218.94 199.449 87.5015 0
2.66318 220.94 200.325 87.4429 0
2.67325 222.96 201.204 87.3838 0
2.68326 224.98 202.079 87.3248 0
2.69334 227.02 202.959 87.2653 0
2.70337 229.06 203.833 87.2058 0
2.71345 231.12 204.713 87.1459 0
2.72349 233.18 205.587 87.086 0
2.73359 235.26 206.466 87.0256 0
2.74364 237.34 207.341 86.9653 0
2.75365 239.42 208.211 86.905 0
2.76372 241.52 209.085 86.8443 0
2.77374 243.62 209.955 86.7836 0
2.78381 245.74 210.83 86.7224 0
2.79385 247.86 211.7 86.6613 0
2.80394 250 212.573 86.5997 0
2.81398 252.14 213.443 86.5382 0
2.82399 254.28 214.309 86.4767 0
2.83405 256.44 215.178 86.4148 0
2.84406 258.6 216.044 86.3529 0
2.85413 260.78 216.913 86.2905 0
2.86416 262.96 217.778 86.2283 0
2.87425 265.16 218.647 86.1655 0
2.88429 267.36 219.512 86.1028 0
2.89429 269.56 220.373 86.0402 0
2.90434 271.78 221.238 85.9771 0
2.91436 274 222.098 85.9141 0
2.92443 276.24 222.963 85.8506 0
2.93445 278.48 223.823 85.7872 0
2.94453 280.74 224.688 85.7233 0
2.95457 283 225.548 85.6595 0
2.96457 285.26 226.404 85.5958 0
2.97462 287.54 227.264 85.5316 0
2.98463 289.82 228.12 85.4674 0
2.9947 292.12 228.98 85.4028 0
3.00472 294.42 229.836 85.3383 0
3.0148 296.74 230.695 85.2734 0
3.02484 299.06 231.551 85.2085 0
3.03484 301.38 232.403 85.1437 0
3.04489 303.72 233.258 85.0784 0
3.0549 306.06 234.11 85.0132 0
3.06496 308.42 234.965 84.9476 0
3.07499 310.78 235.816 84.882 0
3.08506 313.16 236.671 84.816 0
3.0951 315.54 237.522 84.7501 0
3.1051 317.92 238.369 84.6843 0
3.11515 320.32 239.22 84.618 0
3.12517 322.72 240.067 84.5518 0
3.13523 325.14 240.918 84.4851 0
3.14526 327.56 241.765 84.4186 0
3.15533 330 242.615 84.3515 0
3.16537 332.44 243.461 84.2846 0
3.17538 334.88 244.304 84.2178 0
3.18543 337.34 245.15 84.1505 0
3.19545 339.8 245.993 84.0834 0
3.20551 342.28 246.839 84.0157 0
3.21554 344.76 247.681 83.9482 0
3.22562 347.26 248.527 83.8802 0
3.23566 349.76 249.369 83.8124 0
3.24567 352.26 250.207 83.7446 0
3.25572 354.78 251.049 83.6764 0
3.26574 357.3 251.887 83.6083 0
3.27581 359.84 252.728 83.5398 0
3.28584 362.38 253.566 83.4713 0
3.29584 364.92 254.401 83.403 0
3.30589 367.48 255.238 83.3342 0
3.3159 370.04 256.072 83.2655 0
3.32596 372.62 256.909 83.1964 0
3.33599 375.2 257.743 83.1274 0
3.34606 377.8 258.58 83.058 0
3.3561 380.4 259.413 82.9887 0
3.3661 383 260.244 82.9195 0
3.37615 385.62 261.077 82.8498 0
3.38617 388.24 261.906 82.7803 0
3.39624 390.88 262.739 82.7103 0
3.40627 393.52 263.569 82.6405 0
3.41627 396.16 264.395 82.5708 0
3.42631 398.82 265.224 82.5006 0
3.43633 401.48 266.049 82.4306 0
3.44639 404.16 266.878 82.3601 0
3.45641 406.84 267.704 82.2898 0
3.46648 409.54 268.532 82.219 0
3.47652 412.24 269.357 82.1484 0
3.48653 414.94 270.179 82.0778 0
3.49658 417.66 271.003 82.0069 0
3.5 422.66 265 15.369 0.1 0
3.51001 425.31 264.732 -26.7841 0.1 0
3.52002 427.96 264.464 -26.7443 0.1 0
3.53005 430.61 264.196 -26.7046 0.1 0
3.54008 433.26 263.928 -26.665 0.1 0
3.55013 435.91 263.66 -26.6254 0.1 0
3.56018 438.56 263.393 -26.5859 0.1 0
3.57025 441.21 263.125 -26.5465 0.1 0
3.58033 443.86 262.858 -26.5071 0.1 0
3.59041 446.51 262.591 -26.4678 0.1 0
3.60051 449.16 262.324 -26.4286 0.1 0
3.61062 451.81 262.057 -26.3895 0.1 0
3.62073 454.46 261.79 -26.3505 0.1 0
3.63086 457.11 261.524 -26.3115 0.1 0
3.641 459.76 261.257 -26.2725 0.1 0
3.65115 462.41 260.991 -26.2337 0.1 0
3.66131 465.06 260.724 -26.1949 0.1 0
3.67148 467.71 260.458 -26.1562 0.1 0
3.68166 470.36 260.192 -26.1176 0.1 0
3.69185 473.01 259.926 -26.079 0.1 0
3.70186 475.61 259.665 -26.0413 0.1 0
3.71187 478.21 259.405 -26.0036 0.1 0
3.7219 480.81 259.144 -25.9659 0.1 0
3.73194 483.41 258.884 -25.9284 0.1 0
3.74199 486.01 258.623 -25.8909 0.1 0
3.75205 488.61 258.363 -25.8534 0.1 0
3.76211 491.21 258.103 -25.8161 0.1 0
3.77219 493.81 257.843 -25.7788 0.1 0
3.78228 496.41 257.583 -25.7416 0.1 0
3.79238 499.01 257.323 -25.7044 0.1 0
3.80249 501.61 257.064 -25.6673 0.1 0
3.81261 504.21 256.804 -25.6303 0.1 0
3.82274 506.81 256.545 -25.5933 0.1 0
3.83288 509.41 256.285 -25.5564 0.1 0
3.84303 512.01 256.026 -25.5196 0.1 0
3.85319 514.61 255.767 -25.4828 0.1 0
3.86336 517.21 255.508 -25.4461 0.1 0
3.87354 519.81 255.249 -25.4095 0.1 0
3.88373 522.41 254.99 -25.3729 0.1 0
3.89374 524.96 254.737 -25.3371 0.1 0
3.90375 527.51 254.483 -25.3014 0.1 0
3.91378 530.06 254.23 -25.2657 0.1 0
3.92381 532.61 253.976 -25.2301 0.1 0
3.93386 535.16 253.723 -25.1946 0.1 0
3.94392 537.71 253.47 -25.1591 0.1 0
3.95398 540.26 253.217 -25.1237 0.1 0
3.96406 542.81 252.964 -25.0883 0.1 0
3.97414 545.36 252.711 -25.053 0.1 0
3.98424 547.91 252.458 -25.0178 0.1 0
3.99434 550.46 252.206 -24.9826 0.1 0
4.00446 553.01 251.953 -24.9475 0.1 0
4.01459 555.56 251.701 -24.9124 0.1 0
4.02472 558.11 251.448 -24.8775 0.1 0
4.03487 560.66 251.196 -24.8425 0.1 0
4.04503 563.21 250.944 -24.8077 0.1 0
4.05519 565.76 250.692 -24.7729 0.1 0
4.06537 568.31 250.44 -24.7381 0.1 0
4.07556 570.86 250.188 -24.7034 0.1 0
4.08575 573.41 249.936 -24.6688 0.1 0
4.09576 575.91 249.69 -24.6349 0.1 0
4.10578 578.41 249.443 -24.6011 0.1 0
4.11581 580.91 249.196 -24.5673 0.1 0
4.12584 583.41 248.95 -24.5336 0.1 0
4.13589 585.91 248.704 -24.5 0.1 0
4.14595 588.41 248.457 -24.4664 0.1 0
4.15602 590.91 248.211 -24.4328 0.1 0
4.16609 593.41 247.965 -24.3994 0.1 0
4.17618 595.91 247.719 -24.3659 0.1 0
4.18628 598.41 247.474 -24.3326 0.1 0
4.19638 600.91 247.228 -24.2993 0.1 0
4.2065 603.41 246.982 -24.266 0.1 0
4.21663 605.91 246.736 -24.2328 0.1 0
4.22677 608.41 246.491 -24.1997 0.1 0
4.23691 610.91 246.246 -24.1666 0.1 0
4.24707 613.41 246 -24.1336 0.1 0
4.25724 615.91 245.755 -24.1006 0.1 0
4.26742 618.41 245.51 -24.0677 0.1 0
4.27761 620.91 245.265 -24.0349 0.1 0
4.2878 623.41 245.02 -24.0021 0.1 0
4.29781 625.86 244.78 -23.97 0.1 0
4.30782 628.31 244.54 -23.938 0.1 0
4.31785 630.76 244.3 -23.906 0.1 0
4.32788 633.21 244.061 -23.8741 0.1 0
4.33792 635.66 243.821 -23.8422 0.1 0
4.34798 638.11 243.582 -23.8104 0.1 0
4.35804 640.56 243.342 -23.7786 0.1 0
4.36811 643.01 243.103 -23.7469 0.1 0
4.3782 645.46 242.863 -23.7152 0.1 0
4.38829 647.91 242.624 -23.6836 0.1 0
4.39839 650.36 242.385 -23.6521 0.1 0
4.4085 652.81 242.146 -23.6206 0.1 0
4.41863 655.26 241.907 -23.5892 0.1 0
4.42876 657.71 241.668 -23.5578 0.1 0
4.4389 660.16 241.43 -23.5264 0.1 0
4.44906 662.61 241.191 -23.4951 0.1 0
4.45922 665.06 240.952 -23.4639 0.1 0
4.46939 667.51 240.714 -23.4327 0.1 0
4.47958 669.96 240.475 -23.4016 0.1 0
4.48977 672.41 240.237 -23.3705 0.1 0
4.49997 674.86 239.999 -23.3395 0.1 0
4.50998 677.26 239.765 -23.3092 0.1 0
4.51999 679.66 239.532 -23.2789 0.1 0
4.53002 682.06 239.299 -23.2486 0.1 0
4.54005 684.46 239.066 -23.2184 0.1 0
4.5501 686.86 238.832 -23.1883 0.1 0
4.56015 689.26 238.6 -23.1582 0.1 0
4.57021 691.66 238.367 -23.1282 0.1 0
4.58029 694.06 238.134 -23.0982 0.1 0
4.59037 696.46 237.901 -23.0682 0.1 0
4.60046 698.86 237.668 -23.0383 0.1 0
4.61057 701.26 237.436 -23.0085 0.1 0
4.62068 703.66 237.203 -22.9787 0.1 0
4.6308 706.06 236.971 -22.9489 0.1 0
4.64094 708.46 236.738 -22.9193 0.1 0
4.65108 710.86 236.506 -22.8896 0.1 0
4.66123 713.26 236.274 -22.86 0.1 0
4.67139 715.66 236.042 -22.8304 0.1 0
4.68157 718.06 235.81 -22.8009 0.1 0
4.69175 720.46 235.578 -22.7715 0.1 0
4.70194 722.86 235.346 -22.7421 0.1 0
4.71215 725.26 235.114 -22.7127 0.1 0
4.72215 727.61 234.887 -22.684 0.1 0
4.73216 729.96 234.66 -22.6554 0.1 0
4.74217 732.31 234.433 -22.6268 0.1 0
4.7522 734.66 234.206 -22.5982 0.1 0
4.76224 737.01 233.979 -22.5697 0.1 0
4.77229 739.36 233.753 -22.5412 0.1 0
4.78235 741.71 233.526 -22.5128 0.1 0
4.79242 744.06 233.3 -22.4844 0.1 0
4.8025 746.41 233.073 -22.4561 0.1 0
4.81258 748.76 232.847 -22.4278 0.1 0
4.82268 751.11 232.621 -22.3995 0.1 0
4.83279 753.46 232.394 -22.3714 0.1 0
4.8429 755.81 232.168 -22.3432 0.1 0
4.85303 758.16 231.942 -22.3151 0.1 0
4.86317 760.51 231.716 -22.287 0.1 0
4.87332 762.86 231.49 -22.259 0.1 0
4.88347 765.21 231.264 -22.231 0.1 0
4.89364 767.56 231.038 -22.2031 0.1 0
4.90382 769.91 230.812 -22.1752 0.1 0
4.914 772.26 230.587 -22.1474 0.1 0
4.9242 774.61 230.361 -22.1196 0.1 0
4.93441 776.96 230.135 -22.0919 0.1 0
4.94462 779.31 229.91 -22.0642 0.1 0
4.95463 781.61 229.689 -22.0371 0.1 0
4.96465 783.91 229.468 -22.0101 0.1 0
4.97468 786.21 229.248 -21.9831 0.1 0
4.98471 788.51 229.027 -21.9561 0.1 0
4.99476 790.81 228.807 -21.9292 0.1 0
5.00482 793.11 228.586 -21.9024 0.1 0
5.01489 795.41 228.366 -21.8756 0.1 0
5.02496 797.71 228.146 -21.8488 0.1 0
5.03505 800.01 227.926 -21.822 0.1 0
5.04514 802.31 227.705 -21.7954 0.1 0
5.05525 804.61 227.485 -21.7687 0.1 0
5.06537 806.91 227.265 -21.7421 0.1 0
5.07549 809.21 227.045 -21.7155 0.1 0
5.08563 811.51 226.825 -21.689 0.1 0
5.09577 813.81 226.605 -21.6625 0.1 0
5.10593 816.11 226.385 -21.6361 0.1 0
5.11609 818.41 226.166 -21.6097 0.1 0
5.12627 820.71 225.946 -21.5833 0.1 0
5.13645 823.01 225.726 -21.557 0.1 0
5.14664 825.31 225.507 -21.5307 0.1 0
5.15685 827.61 225.287 -21.5045 0.1 0
5.16706 829.91 225.068 -21.4783 0.1 0
5.17707 832.16 224.853 -21.4527 0.1 0
5.18708 834.41 224.638 -21.4272 0.1 0
5.1971 836.66 224.424 -21.4017 0.1 0
5.20713 838.91 224.209 -21.3762 0.1 0
5.21717 841.16 223.995 -21.3508 0.1 0
5.22722 843.41 223.78 -21.3254 0.1 0
5.23728 845.66 223.566 -21.3 0.1 0
5.24735 847.91 223.351 -21.2747 0.1 0
5.25743 850.16 223.137 -21.2495 0.1 0
5.26751 852.41 222.923 -21.2242 0.1 0
5.27761 854.66 222.709 -21.199 0.1 0
5.28772 856.91 222.495 -21.1739 0.1 0
5.29784 859.16 222.28 -21.1488 0.1 0
5.30796 861.41 222.066 -21.1237 0.1 0
5.3181 863.66 221.852 -21.0986 0.1 0
5.32825 865.91 221.638 -21.0736 0.1 0
5.33841 868.16 221.425 -21.0487 0.1 0
5.34857 870.41 221.211 -21.0237 0.1 0
5.35875 872.66 220.997 -20.9988 0.1 0
5.36893 874.91 220.783 -20.974 0.1 0
5.37913 877.16 220.569 -20.9492 0.1 0
5.38934 879.41 220.356 -20.9244 0.1 0
5.39955 881.66 220.142 -20.8997 0.1 0
5.40978 883.91 219.928 -20.875 0.1 0
5.41979 886.11 219.72 -20.8509 0.1 0
5.4298 888.31 219.511 -20.8268 0.1 0
5.43983 890.51 219.302 -20.8027 0.1 0
5.44987 892.71 219.094 -20.7787 0.1 0
5.45991 894.91 218.885 -20.7548 0.1 0
5.46997 897.11 218.676 -20.7308 0.1 0
5.48004 899.31 218.468 -20.7069 0.1 0
5.49011 901.51 218.259 -20.6831 0.1 0
5.50019 903.71 218.051 -20.6593 0.1 0
5.51029 905.91 217.842 -20.6355 0.1 0
5.52039 908.11 217.634 -20.6117 0.1 0
5.53051 910.31 217.426 -20.588 0.1 0
5.54063 912.51 217.217 -20.5643 0.1 0
5.55076 914.71 217.009 -20.5407 0.1 0
5.56091 916.91 216.801 -20.517 0.1 0
5.57106 919.11 216.593 -20.4935 0.1 0
5.58122 921.31 216.385 -20.4699 0.1 0
5.59139 923.51 216.177 -20.4464 0.1 0
5.60157 925.71 215.968 -20.4229 0.1 0
5.61177 927.91 215.76 -20.3995 0.1 0
5.62197 930.11 215.552 -20.3761 0.1 0
5.63218 932.31 215.344 -20.3527 0.1 0
5.6424 934.51 215.137 -20.3294 0.1 0
5.65263 936.71 214.929 -20.3061 0.1 0
5.66264 938.86 214.726 -20.2834 0.1 0
5.67266 941.01 214.523 -20.2607 0.1 0
5.68268 943.16 214.319 -20.238 0.1 0
5.69272 945.31 214.116 -20.2154 0.1 0
5.70277 947.46 213.914 -20.1928 0.1 0
5.71282 949.61 213.711 -20.1702 0.1 0
5.72289 951.76 213.508 -20.1477 0.1 0
5.73296 953.91 213.305 -20.1252 0.1 0
5.74305 956.06 213.102 -20.1027 0.1 0
5.75314 958.21 212.899 -20.0802 0.1 0
5.76325 960.36 212.696 -20.0578 0.1 0
5.77336 962.51 212.494 -20.0355 0.1 0
5.78348 964.66 212.291 -20.0131 0.1 0
5.79361 966.81 212.088 -19.9908 0.1 0
5.80376 968.96 211.886 -19.9685 0.1 0
5.81391 971.11 211.683 -19.9463 0.1 0
5.82407 973.26 211.48 -19.9241 0.1 0
5.83424 975.41 211.278 -19.9019 0.1 0
5.84442 977.56 211.075 -19.8798 0.1 0
5.85461 979.71 210.873 -19.8577 0.1 0
5.86481 981.86 210.671 -19.8356 0.1 0
5.87502 984.01 210.468 -19.8135 0.1 0
5.88524 986.16 210.266 -19.7915 0.1 0
5.89547 988.31 210.063 -19.7695 0.1 0
5.90548 990.41 209.866 -19.7481 0.1 0
5.91549 992.51 209.668 -19.7267 0.1 0
5.92551 994.61 209.471 -19.7053 0.1 0
5.93554 996.71 209.273 -19.6839 0.1 0
5.94558 998.81 209.076 -19.6626 0.1 0
5.95563 1000.91 208.878 -19.6413 0.1 0
5.96569 1003.01 208.681 -19.6201 0.1 0
5.97575 1005.11 208.483 -19.5988 0.1 0
5.98583 1007.21 208.286 -19.5776 0.1 0
5.99592 1009.31 208.088 -19.5565 0.1 0
6.00602 1011.41 207.891 -19.5353 0.1 0
6.01612 1013.51 207.694 -19.5142 0.1 0
6.02624 1015.61 207.496 -19.4931 0.1 0
6.03636 1017.71 207.299 -19.4721 0.1 0
6.0465 1019.81 207.102 -19.4511 0.1 0
6.05664 1021.91 206.905 -19.4301 0.1 0
6.0668 1024.01 206.707 -19.4091 0.1 0
6.07696 1026.11 206.51 -19.3882 0.1 0
6.08714 1028.21 206.313 -19.3673 0.1 0
6.09732 1030.31 206.116 -19.3464 0.1 0
6.10751 1032.41 205.919 -19.3256 0.1 0
6.11772 1034.51 205.722 -19.3048 0.1 0
6.12793 1036.61 205.525 -19.284 0.1 0
6.13815 1038.71 205.328 -19.2632 0.1 0
6.14839 1040.81 205.131 -19.2425 0.1 0
6.15863 1042.91 204.934 -19.2218 0.1 0
6.16864 1044.96 204.742 -19.2017 0.1 0
6.17865 1047.01 204.549 -19.1815 0.1 0
6.18868 1049.06 204.357 -19.1614 0.1 0
6.19872 1051.11 204.165 -19.1413 0.1 0
6.20876 1053.16 203.973 -19.1212 0.1 0
6.21882 1055.21 203.781 -19.1012 0.1 0
6.22888 1057.26 203.588 -19.0812 0.1 0
6.23896 1059.31 203.396 -19.0612 0.1 0
6.24904 1061.36 203.204 -19.0413 0.1 0
6.25913 1063.41 203.012 -19.0214 0.1 0
6.26924 1065.46 202.82 -19.0015 0.1 0
6.27935 1067.51 202.628 -18.9816 0.1 0
6.28947 1069.56 202.436 -18.9618 0.1 0
6.2996 1071.61 202.244 -18.942 0.1 0
6.30974 1073.66 202.052 -18.9222 0.1 0
6.31989 1075.71 201.86 -18.9024 0.1 0
6.33005 1077.76 201.668 -18.8827 0.1 0
6.34022 1079.81 201.476 -18.863 0.1 0
6.3504 1081.86 201.284 -18.8433 0.1 0
6.36059 1083.91 201.092 -18.8237 0.1 0
6.37079 1085.96 200.9 -18.804 0.1 0
6.381 1088.01 200.708 -18.7844 0.1 0
6.39122 1090.06 200.517 -18.7649 0.1 0
6.40145 1092.11 200.325 -18.7453 0.1 0
6.41169 1094.16 200.133 -18.7258 0.1 0
6.42194 1096.21 199.941 -18.7063 0.1 0
6.43194 1098.21 199.754 -18.6874 0.1 0
6.44196 1100.21 199.567 -18.6684 0.1 0
6.45199 1102.21 199.38 -18.6495 0.1 0
6.46202 1104.21 199.193 -18.6306 0.1 0
6.47207 1106.21 199.006 -18.6117 0.1 0
6.48212 1108.21 198.819 -18.5928 0.1 0
6.49219 1110.21 198.632 -18.574 0.1 0
6.50226 1112.21 198.445 -18.5552 0.1 0
6.51235 1114.21 198.258 -18.5364 0.1 0
6.52244 1116.21 198.071 -18.5177 0.1 0
6.53254 1118.21 197.884 -18.4989 0.1 0
6.54265 1120.21 197.697 -18.4802 0.1 0
6.55277 1122.21 197.51 -18.4615 0.1 0
6.5629 1124.21 197.323 -18.4429 0.1 0
6.57305 1126.21 197.136 -18.4243 0.1 0
6.5832 1128.21 196.949 -18.4057 0.1 0
6.59336 1130.21 196.762 -18.3871 0.1 0
6.60352 1132.21 196.575 -18.3685 0.1 0
6.6137 1134.21 196.388 -18.35 0.1 0
6.62389 1136.21 196.201 -18.3315 0.1 0
6.63409 1138.21 196.015 -18.313 0.1 0
6.6443 1140.21 195.828 -18.2946 0.1 0
6.65452 1142.21 195.641 -18.2761 0.1 0
6.66475 1144.21 195.454 -18.2577 0.1 0
6.67498 1146.21 195.267 -18.2394 0.1 0
6.68523 1148.21 195.08 -18.221 0.1 0
6.69523 1150.16 194.898 -18.2031 0.1 0
6.70524 1152.11 194.716 -18.1853 0.1 0
6.71526 1154.06 194.534 -18.1675 0.1 0
6.72529 1156.01 194.352 -18.1497 0.1 0
6.73533 1157.96 194.17 -18.1319 0.1 0
6.74537 1159.91 193.988 -18.1141 0.1 0
6.75543 1161.86 193.806 -18.0964 0.1 0
6.7655 1163.81 193.624 -18.0787 0.1 0
6.77557 1165.76 193.442 -18.061 0.1 0
6.78566 1167.71 193.26 -18.0433 0.1 0
6.79575 1169.66 193.077 -18.0257 0.1 0
6.80586 1171.61 192.895 -18.0081 0.1 0
6.81597 1173.56 192.713 -17.9905 0.1 0
6.8261 1175.51 192.531 -17.9729 0.1 0
6.83623 1177.46 192.349 -17.9554 0.1 0
6.84637 1179.41 192.167 -17.9379 0.1 0
6.85652 1181.36 191.985 -17.9204 0.1 0
6.86669 1183.31 191.803 -17.9029 0.1 0
6.87686 1185.26 191.621 -17.8854 0.1 0
6.88704 1187.21 191.439 -17.868 0.1 0
6.89723 1189.16 191.257 -17.8506 0.1 0
6.90743 1191.11 191.075 -17.8332 0.1 0
6.91764 1193.06 190.893 -17.8159 0.1 0
6.92786 1195.01 190.711 -17.7985 0.1 0
6.93809 1196.96 190.529 -17.7812 0.1 0
6.94833 1198.91 190.347 -17.7639 0.1 0
6.95858 1200.86 190.165 -17.7466 0.1 0
6.96884 1202.81 189.983 -17.7294 0.1 0
6.97885 1204.71 189.806 -17.7126 0.1 0
6.98886 1206.61 189.629 -17.6958 0.1 0
6.99889 1208.51 189.451 -17.6791 0.1 0
7.00892 1210.41 189.274 -17.6624 0.1 0
7.01896 1212.31 189.097 -17.6457 0.1 0
7.02901 1214.21 188.92 -17.629 0.1 0
7.03908 1216.11 188.742 -17.6124 0.1 0
7.04915 1218.01 188.565 -17.5957 0.1 0
7.05923 1219.91 188.388 -17.5791 0.1 0
7.06932 1221.81 188.21 -17.5625 0.1 0
7.07942 1223.71 188.033 -17.5459 0.1 0
7.08953 1225.61 187.856 -17.5294 0.1 0
7.09965 1227.51 187.678 -17.5129 0.1 0
7.10978 1229.41 187.501 -17.4964 0.1 0
7.11992 1231.31 187.324 -17.4799 0.1 0
7.13006 1233.21 187.147 -17.4634 0.1 0
7.14022 1235.11 186.969 -17.447 0.1 0
7.15039 1237.01 186.792 -17.4305 0.1 0
7.16056 1238.91 186.615 -17.4141 0.1 0
7.17075 1240.81 186.437 -17.3978 0.1 0
7.18095 1242.71 186.26 -17.3814 0.1 0
7.19115 1244.61 186.083 -17.3651 0.1 0
7.20137 1246.51 185.905 -17.3487 0.1 0
7.21159 1248.41 185.728 -17.3324 0.1 0
7.22183 1250.31 185.551 -17.3162 0.1 0
7.23207 1252.21 185.374 -17.2999 0.1 0
7.24233 1254.11 185.196 -17.2837 0.1 0
7.25259 1256.01 185.019 -17.2675 0.1 0
7.2626 1257.86 184.846 -17.2517 0.1 0
7.27261 1259.71 184.674 -17.236 0.1 0
7.28263 1261.56 184.501 -17.2202 0.1 0
7.29266 1263.41 184.328 -17.2045 0.1 0
7.3027 1265.26 184.156 -17.1888 0.1 0
7.31276 1267.11 183.983 -17.1732 0.1 0
7.32282 1268.96 183.81 -17.1575 0.1 0
7.33288 1270.81 183.637 -17.1419 0.1 0
7.34296 1272.66 183.465 -17.1263 0.1 0
7.35305 1274.51 183.292 -17.1107 0.1 0
7.36315 1276.36 183.119 -17.0951 0.1 0
7.37326 1278.21 182.947 -17.0795 0.1 0
7.38338 1280.06 182.774 -17.064 0.1 0
7.3935 1281.91 182.601 -17.0485 0.1 0
7.40364 1283.76 182.429 -17.033 0.1 0
7.41378 1285.61 182.256 -17.0175 0.1 0
7.42394 1287.46 182.083 -17.0021 0.1 0
7.4341 1289.31 181.91 -16.9866 0.1 0
7.44428 1291.16 181.738 -16.9712 0.1 0
7.45446 1293.01 181.565 -16.9558 0.1 0
7.46466 1294.86 181.392 -16.9404 0.1 0
7.47486 1296.71 181.219 -16.9251 0.1 0
7.48508 1298.56 181.046 -16.9097 0.1 0
7.4953 1300.41 180.874 -16.8944 0.1 0
7.50553 1302.26 180.701 -16.8791 0.1 0
7.51578 1304.11 180.528 -16.8638 0.1 0
7.52603 1305.96 180.355 -16.8486 0.1 0
7.53629 1307.81 180.182 -16.8333 0.1 0
7.54656 1309.66 180.01 -16.8181 0.1 0
7.55657 1311.46 179.841 -16.8033 0.1 0
7.56658 1313.26 179.673 -16.7885 0.1 0
7.5766 1315.06 179.505 -16.7737 0.1 0
7.58664 1316.86 179.337 -16.759 0.1 0
7.59668 1318.66 179.169 -16.7443 0.1 0
7.60673 1320.46 179 -16.7296 0.1 0
7.61679 1322.26 178.832 -16.7149 0.1 0
7.62686 1324.06 178.664 -16.7002 0.1 0
7.63694 1325.86 178.496 -16.6855 0.1 0
7.64703 1327.66 178.327 -16.6709 0.1 0
7.65713 1329.46 178.159 -16.6563 0.1 0
7.66724 1331.26 177.991 -16.6417 0.1 0
7.67735 1333.06 177.822 -16.6271 0.1 0
7.68748 1334.86 177.654 -16.6125 0.1 0
7.69762 1336.66 177.486 -16.598 0.1 0
7.70777 1338.46 177.318 -16.5834 0.1 0
7.71792 1340.26 177.149 -16.5689 0.1 0
7.72809 1342.06 176.981 -16.5544 0.1 0
7.73826 1343.86 176.812 -16.54 0.1 0
7.74845 1345.66 176.644 -16.5255 0.1 0
7.75864 1347.46 176.476 -16.5111 0.1 0
7.76885 1349.26 176.307 -16.4966 0.1 0
7.77906 1351.06 176.139 -16.4822 0.1 0
7.78929 1352.86 175.97 -16.4678 0.1 0
7.79952 1354.66 175.802 -16.4534 0.1 0
7.80976 1356.46 175.633 -16.4391 0.1 0
7.82002 1358.26 175.465 -16.4248 0.1 0
7.83028 1360.06 175.296 -16.4104 0.1 0
7.84055 1361.86 175.128 -16.3961 0.1 0
7.85084 1363.66 174.959 -16.3818 0.1 0
7.86085 1365.41 174.796 -16.368 0.1 0
7.87086 1367.16 174.632 -16.3541 0.1 0
7.88089 1368.91 174.468 -16.3403 0.1 0
7.89092 1370.66 174.304 -16.3264 0.1 0
7.90097 1372.41 174.14 -16.3126 0.1 0
7.91102 1374.16 173.976 -16.2988 0.1 0
7.92109 1375.91 173.812 -16.2851 0.1 0
7.93116 1377.66 173.648 -16.2713 0.1 0
7.94124 1379.41 173.484 -16.2575 0.1 0
7.95133 1381.16 173.32 -16.2438 0.1 0
7.96144 1382.91 173.156 -16.2301 0.1 0
7.97155 1384.66 172.992 -16.2164 0.1 0
7.98167 1386.41 172.828 -16.2027 0.1 0
7.9918 1388.16 172.664 -16.1891 0.1 0
8.00194 1389.91 172.5 -16.1754 0.1 0
8.01209 1391.66 172.336 -16.1618 0.1 0
8.02225 1393.41 172.172 -16.1482 0.1 0
8.03242 1395.16 172.007 -16.1346 0.1 0
8.0426 1396.91 171.843 -16.121 0.1 0
8.05279 1398.66 171.679 -16.1074 0.1 0
8.06298 1400.41 171.515 -16.0939 0.1 0
8.07319 1402.16 171.351 -16.0803 0.1 0
8.08341 1403.91 171.186 -16.0668 0.1 0
8.09364 1405.66 171.022 -16.0533 0.1 0
8.10388 1407.41 170.858 -16.0398 0.1 0
8.11412 1409.16 170.694 -16.0263 0.1 0
8.12438 1410.91 170.529 -16.0129 0.1 0
8.13465 1412.66 170.365 -15.9994 0.1 0
8.14493 1414.41 170.201 -15.986 0.1 0
8.15521 1416.16 170.036 -15.9726 0.1 0
8.16522 1417.86 169.876 -15.9596 0.1 0
8.17523 1419.56 169.717 -15.9466 0.1 0
8.18525 1421.26 169.557 -15.9336 0.1 0
8.19528 1422.96 169.397 -15.9206 0.1 0
8.20532 1424.66 169.237 -15.9077 0.1 0
8.21537 1426.36 169.078 -15.8947 0.1 0
8.22543 1428.06 168.918 -15.8818 0.1 0
8.2355 1429.76 168.758 -15.8689 0.1 0
8.24558 1431.46 168.598 -15.856 0.1 0
8.25567 1433.16 168.438 -15.8431 0.1 0
8.26576 1434.86 168.278 -15.8303 0.1 0
8.27587 1436.56 168.118 -15.8174 0.1 0
8.28599 1438.26 167.958 -15.8046 0.1 0
8.29611 1439.96 167.798 -15.7918 0.1 0
8.30625 1441.66 167.638 -15.779 0.1 0
8.3164 1443.36 167.478 -15.7662 0.1 0
8.32655 1445.06 167.318 -15.7534 0.1 0
8.33672 1446.76 167.158 -15.7406 0.1 0
8.34689 1448.46 166.998 -15.7279 0.1 0
8.35708 1450.16 166.838 -15.7152 0.1 0
8.36727 1451.86 166.678 -15.7024 0.1 0
8.37748 1453.56 166.518 -15.6897 0.1 0
8.38769 1455.26 166.358 -15.677 0.1 0
8.39791 1456.96 166.197 -15.6644 0.1 0
8.40815 1458.66 166.037 -15.6517 0.1 0
8.41839 1460.36 165.877 -15.6391 0.1 0
8.42864 1462.06 165.717 -15.6264 0.1 0
8.43891 1463.76 165.556 -15.6138 0.1 0
8.44918 1465.46 165.396 -15.6012 0.1 0
8.45947 1467.16 165.236 -15.5886 0.1 0
8.46976 1468.86 165.075 -15.576 0.1 0
8.47976 1470.51 164.919 -15.5638 0.1 0
8.48977 1472.16 164.764 -15.5517 0.1 0
8.49979 1473.81 164.608 -15.5395 0.1 0
8.50982 1475.46 164.452 -15.5274 0.1 0
8.51985 1477.11 164.296 -15.5152 0.1 0
8.5299 1478.76 164.141 -15.5031 0.1 0
8.53996 1480.41 163.985 -15.491 0.1 0
8.55003 1482.06 163.829 -15.4789 0.1 0
8.5601 1483.71 163.673 -15.4668 0.1 0
8.57019 1485.36 163.517 -15.4547 0.1 0
8.58028 1487.01 163.361 -15.4427 0.1 0
8.59039 1488.66 163.205 -15.4306 0.1 0
8.60051 1490.31 163.049 -15.4186 0.1 0
8.61063 1491.96 162.893 -15.4066 0.1 0
8.62076 1493.61 162.737 -15.3946 0.1 0
8.63091 1495.26 162.581 -15.3826 0.1 0
8.64106 1496.91 162.425 -15.3706 0.1 0
8.65123 1498.56 162.268 -15.3586 0.1 0
8.6614 1500.21 162.112 -15.3467 0.1 0
8.67158 1501.86 161.956 -15.3348 0.1 0
8.68178 1503.51 161.8 -15.3228 0.1 0
8.69198 1505.16 161.644 -15.3109 0.1 0
8.70219 1506.81 161.487 -15.299 0.1 0
8.71241 1508.46 161.331 -15.2871 0.1 0
8.72265 1510.11 161.175 -15.2753 0.1 0
8.73289 1511.76 161.018 -15.2634 0.1 0
8.74314 1513.41 160.862 -15.2516 0.1 0
8.7534 1515.06 160.705 -15.2397 0.1 0
8.76368 1516.71 160.549 -15.2279 0.1 0
8.77396 1518.36 160.392 -15.2161 0.1 0
8.78425 1520.01 160.236 -15.2043 0.1 0
8.79455 1521.66 160.079 -15.1925 0.1 0
8.80487 1523.31 159.923 -15.1808 0.1 0
8.81488 1524.91 159.771 -15.1694 0.1 0
8.82489 1526.51 159.619 -15.158 0.1 0
8.83492 1528.11 159.467 -15.1466 0.1 0
8.84496 1529.71 159.315 -15.1352 0.1 0
8.85501 1531.31 159.163 -15.1239 0.1 0
8.86507 1532.91 159.011 -15.1125 0.1 0
8.87513 1534.51 158.859 -15.1012 0.1 0
8.88521 1536.11 158.707 -15.0899 0.1 0
8.8953 1537.71 158.554 -15.0786 0.1 0
8.90539 1539.31 158.402 -15.0673 0.1 0
8.9155 1540.91 158.25 -15.056 0.1 0
8.92562 1542.51 158.098 -15.0448 0.1 0
8.93574 1544.11 157.945 -15.0335 0.1 0
8.94588 1545.71 157.793 -15.0223 0.1 0
8.95602 1547.31 157.641 -15.011 0.1 0
8.96618 1548.91 157.488 -14.9998 0.1 0
8.97634 1550.51 157.336 -14.9886 0.1 0
8.98651 1552.11 157.184 -14.9774 0.1 0
8.9967 1553.71 157.031 -14.9662 0.1 0
9.00689 1555.31 156.879 -14.9551 0.1 0
9.0171 1556.91 156.726 -14.9439 0.1 0
9.02731 1558.51 156.573 -14.9328 0.1 0
9.03753 1560.11 156.421 -14.9216 0.1 0
9.04777 1561.71 156.268 -14.9105 0.1 0
9.05801 1563.31 156.116 -14.8994 0.1 0
9.06827 1564.91 155.963 -14.8883 0.1 0
9.07853 1566.51 155.81 -14.8772 0.1 0
9.08881 1568.11 155.657 -14.8662 0.1 0
9.09909 1569.71 155.504 -14.8551 0.1 0
9.10938 1571.31 155.352 -14.844 0.1 0
9.11969 1572.91 155.199 -14.833 0.1 0
9.13 1574.51 155.046 -14.822 0.1 0
9.14 1576.06 154.898 -14.8113 0.1 0
9.15002 1577.61 154.749 -14.8006 0.1 0
9.16004 1579.16 154.601 -14.79 0.1 0
9.17007 1580.71 154.453 -14.7794 0.1 0
9.18011 1582.26 154.304 -14.7687 0.1 0
9.19016 1583.81 154.156 -14.7581 0.1 0
9.20022 1585.36 154.008 -14.7475 0.1 0
9.21029 1586.91 153.859 -14.7369 0.1 0
9.22037 1588.46 153.711 -14.7263 0.1 0
9.23046 1590.01 153.562 -14.7158 0.1 0
9.24055 1591.56 153.414 -14.7052 0.1 0
9.25066 1593.11 153.265 -14.6947 0.1 0
9.26078 1594.66 153.116 -14.6841 0.1 0
9.27091 1596.21 152.968 -14.6736 0.1 0
9.28105 1597.76 152.819 -14.6631 0.1 0
9.2912 1599.31 152.67 -14.6526 0.1 0
9.30135 1600.86 152.522 -14.6421 0.1 0
9.31152 1602.41 152.373 -14.6316 0.1 0
9.3217 1603.96 152.224 -14.6211 0.1 0
9.33189 1605.51 152.075 -14.6106 0.1 0
9.34208 1607.06 151.926 -14.6002 0.1 0
9.35229 1608.61 151.777 -14.5898 0.1 0
9.36251 1610.16 151.628 -14.5793 0.1 0
9.37274 1611.71 151.479 -14.5689 0.1 0
9.38297 1613.26 151.33 -14.5585 0.1 0
9.39322 1614.81 151.181 -14.5481 0.1 0
9.40348 1616.36 151.032 -14.5377 0.1 0
9.41375 1617.91 150.882 -14.5273 0.1 0
9.42402 1619.46 150.733 -14.517 0.1 0
9.43431 1621.01 150.584 -14.5066 0.1 0
9.44461 1622.56 150.434 -14.4963 0.1 0
9.45492 1624.11 150.285 -14.4859 0.1 0
9.46524 1625.66 150.136 -14.4756 0.1 0
9.47557 1627.21 149.986 -14.4653 0.1 0
9.48557 1628.71 149.841 -14.4553 0.1 0
9.49559 1630.21 149.697 -14.4454 0.1 0
9.50562 1631.71 149.552 -14.4354 0.1 0
9.51565 1633.21 149.407 -14.4255 0.1 0
9.5257 1634.71 149.262 -14.4156 0.1 0
9.53575 1636.21 149.117 -14.4056 0.1 0
9.54581 1637.71 148.973 -14.3957 0.1 0
9.55589 1639.21 148.828 -14.3858 0.1 0
9.56597 1640.71 148.683 -14.3759 0.1 0
9.57607 1642.21 148.537 -14.3661 0.1 0
9.58617 1643.71 148.392 -14.3562 0.1 0
9.59628 1645.21 148.247 -14.3463 0.1 0
9.60641 1646.71 148.102 -14.3365 0.1 0
9.61654 1648.21 147.957 -14.3266 0.1 0
9.62668 1649.71 147.812 -14.3168 0.1 0
9.63684 1651.21 147.666 -14.307 0.1 0
9.647 1652.71 147.521 -14.2972 0.1 0
9.65717 1654.21 147.376 -14.2874 0.1 0
9.66736 1655.71 147.23 -14.2776 0.1 0
9.67755 1657.21 147.085 -14.2678 0.1 0
9.68775 1658.71 146.939 -14.258 0.1 0
9.69797 1660.21 146.793 -14.2483 0.1 0
9.70819 1661.71 146.648 -14.2385 0.1 0
9.71842 1663.21 146.502 -14.2288 0.1 0
9.72867 1664.71 146.356 -14.219 0.1 0
9.73892 1666.21 146.211 -14.2093 0.1 0
9.74919 1667.71 146.065 -14.1996 0.1 0
9.75946 1669.21 145.919 -14.1899 0.1 0
9.76975 1670.71 145.773 -14.1802 0.1 0
9.78004 1672.21 145.627 -14.1705 0.1 0
9.79035 1673.71 145.481 -14.1609 0.1 0
9.80066 1675.21 145.335 -14.1512 0.1 0
9.81099 1676.71 145.189 -14.1415 0.1 0
9.82133 1678.21 145.043 -14.1319 0.1 0
9.83133 1679.66 144.902 -14.1226 0.1 0
9.84134 1681.11 144.76 -14.1133 0.1 0
9.85136 1682.56 144.619 -14.104 0.1 0
9.86139 1684.01 144.478 -14.0947 0.1 0
9.87143 1685.46 144.336 -14.0854 0.1 0
9.88148 1686.91 144.195 -14.0761 0.1 0
9.89155 1688.36 144.053 -14.0669 0.1 0
9.90162 1689.81 143.911 -14.0576 0.1 0
9.9117 1691.26 143.77 -14.0484 0.1 0
9.92179 1692.71 143.628 -14.0392 0.1 0
9.93189 1694.16 143.486 -14.0299 0.1 0
9.942 1695.61 143.344 -14.0207 0.1 0
9.95212 1697.06 143.203 -14.0115 0.1 0
9.96225 1698.51 143.061 -14.0023 0.1 0
9.97239 1699.96 142.919 -13.9931 0.1 0
9.98254 1701.41 142.777 -13.984 0.1 0
9.9927 1702.86 142.635 -13.9748 0.1 0
10.0029 1704.31 142.493 -13.9656 0.1 0
10.0131 1705.76 142.35 -13.9565 0.1 0
10.0232 1707.21 142.208 -13.9473 0.1 0
10.0334 1708.66 142.066 -13.9382 0.1 0
10.0437 1710.11 141.924 -13.9291 0.1 0
10.0539 1711.56 141.781 -13.9199 0.1 0
10.0641 1713.01 141.639 -13.9108 0.1 0
10.0744 1714.46 141.497 -13.9017 0.1 0
10.0846 1715.91 141.354 -13.8926 0.1 0
10.0949 1717.36 141.212 -13.8836 0.1 0
10.1051 1718.81 141.069 -13.8745 0.1 0
10.1154 1720.26 140.926 -13.8654 0.1 0
10.1257 1721.71 140.784 -13.8564 0.1 0
10.136 1723.16 140.641 -13.8473 0.1 0
10.1463 1724.61 140.498 -13.8383 0.1 0
10.1567 1726.06 140.355 -13.8293 0.1 0
10.167 1727.51 140.212 -13.8202 0.1 0
10.1774 1728.96 140.069 -13.8112 0.1 0
10.1874 1730.36 139.931 -13.8025 0.1 0
10.1974 1731.76 139.793 -13.7938 0.1 0
10.2074 1733.16 139.655 -13.7852 0.1 0
10.2174 1734.56 139.517 -13.7765 0.1 0
10.2275 1735.96 139.379 -13.7678 0.1 0
10.2375 1737.36 139.24 -13.7592 0.1 0
10.2476 1738.76 139.102 -13.7505 0.1 0
10.2576 1740.16 138.964 -13.7419 0.1 0
10.2677 1741.56 138.825 -13.7333 0.1 0
10.2778 1742.96 138.687 -13.7247 0.1 0
10.2879 1744.36 138.548 -13.716 0.1 0
10.298 1745.76 138.409 -13.7074 0.1 0
10.3081 1747.16 138.271 -13.6988 0.1 0
10.3183 1748.56 138.132 -13.6903 0.1 0
10.3284 1749.96 137.993 -13.6817 0.1 0
10.3386 1751.36 137.854 -13.6731 0.1 0
10.3487 1752.76 137.715 -13.6645 0.1 0
10.3589 1754.16 137.576 -13.656 0.1 0
10.3691 1755.56 137.437 -13.6474 0.1 0
10.3793 1756.96 137.298 -13.6389 0.1 0
10.3895 1758.36 137.159 -13.6304 0.1 0
10.3997 1759.76 137.02 -13.6218 0.1 0
10.4099 1761.16 136.881 -13.6133 0.1 0
10.4201 1762.56 136.742 -13.6048 0.1 0
10.4304 1763.96 136.602 -13.5963 0.1 0
10.4406 1765.36 136.463 -13.5878 0.1 0
10.4509 1766.76 136.324 -13.5793 0.1 0
10.4612 1768.16 136.184 -13.5709 0.1 0
10.4715 1769.56 136.045 -13.5624 0.1 0
10.4818 1770.96 135.905 -13.5539 0.1 0
10.4921 1772.36 135.765 -13.5455 0.1 0
10.5024 1773.76 135.626 -13.537 0.1 0
10.5127 1775.16 135.486 -13.5286 0.1 0
10.523 1776.56 135.346 -13.5202 0.1 0
10.5334 1777.96 135.206 -13.5118 0.1 0
10.5438 1779.36 135.066 -13.5033 0.1 0
10.5538 1780.71 134.931 -13.4952 0.1 0
10.5638 1782.06 134.796 -13.4871 0.1 0
10.5738 1783.41 134.661 -13.479 0.1 0
10.5838 1784.76 134.526 -13.471 0.1 0
10.5939 1786.11 134.391 -13.4629 0.1 0
10.6039 1787.46 134.255 -13.4548 0.1 0
10.614 1788.81 134.12 -13.4468 0.1 0
10.624 1790.16 133.985 -13.4387 0.1 0
10.6341 1791.51 133.849 -13.4307 0.1 0
10.6442 1792.86 133.714 -13.4226 0.1 0
10.6543 1794.21 133.578 -13.4146 0.1 0
10.6644 1795.56 133.443 -13.4066 0.1 0
10.6745 1796.91 133.307 -13.3985 0.1 0
10.6847 1798.26 133.171 -13.3905 0.1 0
10.6948 1799.61 133.035 -13.3825 0.1 0
10.705 1800.96 132.9 -13.3745 0.1 0
10.7151 1802.31 132.764 -13.3665 0.1 0
10.7253 1803.66 132.628 -13.3586 0.1 0
10.7355 1805.01 132.492 -13.3506 0.1 0
10.7457 1806.36 132.356 -13.3426 0.1 0
10.7559 1807.71 132.22 -13.3347 0.1 0
10.7661 1809.06 132.083 -13.3267 0.1 0
10.7763 1810.41 131.947 -13.3188 0.1 0
10.7866 1811.76 131.811 -13.3108 0.1 0
10.7968 1813.11 131.675 -13.3029 0.1 0
10.8071 1814.46 131.538 -13.295 0.1 0
10.8173 1815.81 131.402 -13.287 0.1 0
10.8276 1817.16 131.265 -13.2791 0.1 0
10.8379 1818.51 131.129 -13.2712 0.1 0
10.8482 1819.86 130.992 -13.2633 0.1 0
10.8585 1821.21 130.855 -13.2554 0.1 0
10.8689 1822.56 130.718 -13.2476 0.1 0
10.8792 1823.91 130.581 -13.2397 0.1 0
10.8895 1825.26 130.445 -13.2318 0.1 0
10.8999 1826.61 130.308 -13.224 0.1 0
10.9102 1827.96 130.171 -13.2161 0.1 0
10.9206 1829.31 130.033 -13.2083 0.1 0
10.9306 1830.61 129.901 -13.2007 0.1 0
10.9406 1831.91 129.769 -13.1932 0.1 0
10.9507 1833.21 129.637 -13.1856 0.1 0
10.9607 1834.51 129.505 -13.1781 0.1 0
10.9707 1835.81 129.372 -13.1706 0.1 0
10.9808 1837.11 129.24 -13.1631 0.1 0
10.9909 1838.41 129.108 -13.1556 0.1 0
11.0009 1839.71 128.975 -13.1481 0.1 0
11.011 1841.01 128.843 -13.1406 0.1 0
11.0211 1842.31 128.71 -13.1331 0.1 0
11.0312 1843.61 128.577 -13.1256 0.1 0
11.0413 1844.91 128.445 -13.1181 0.1 0
11.0515 1846.21 128.312 -13.1106 0.1 0
11.0616 1847.51 128.179 -13.1032 0.1 0
11.0717 1848.81 128.046 -13.0957 0.1 0
11.0819 1850.11 127.913 -13.0883 0.1 0
11.0921 1851.41 127.78 -13.0808 0.1 0
11.1023 1852.71 127.647 -13.0734 0.1 0
11.1124 1854.01 127.514 -13.066 0.1 0
11.1226 1855.31 127.38 -13.0585 0.1 0
11.1329 1856.61 127.247 -13.0511 0.1 0
11.1431 1857.91 127.114 -13.0437 0.1 0
11.1533 1859.21 126.98 -13.0363 0.1 0
11.1636 1860.51 126.847 -13.0289 0.1 0
11.1738 1861.81 126.713 -13.0215 0.1 0
11.1841 1863.11 126.58 -13.0141 0.1 0
11.1943 1864.41 126.446 -13.0067 0.1 0
11.2046 1865.71 126.312 -12.9994 0.1 0
11.2149 1867.01 126.178 -12.992 0.1 0
11.2252 1868.31 126.044 -12.9846 0.1 0
11.2356 1869.61 125.911 -12.9773 0.1 0
11.2459 1870.91 125.776 -12.9699 0.1 0
11.2562 1872.21 125.642 -12.9626 0.1 0
11.2666 1873.51 125.508 -12.9552 0.1 0
11.2769 1874.81 125.374 -12.9479 0.1 0
11.2873 1876.11 125.24 -12.9406 0.1 0
11.2977 1877.41 125.105 -12.9333 0.1 0
11.3081 1878.71 124.971 -12.926 0.1 0
11.3181 1879.96 124.842 -12.9189 0.1 0
11.3281 1881.21 124.712 -12.9119 0.1 0
11.3382 1882.46 124.583 -12.9049 0.1 0
11.3482 1883.71 124.453 -12.8979 0.1 0
11.3582 1884.96 124.324 -12.8909 0.1 0
11.3683 1886.21 124.194 -12.8839 0.1 0
11.3784 1887.46 124.064 -12.8769 0.1 0
11.3885 1888.71 123.935 -12.87 0.1 0
11.3985 1889.96 123.805 -12.863 0.1 0
11.4087 1891.21 123.675 -12.856 0.1 0
11.4188 1892.46 123.545 -12.849 0.1 0
11.4289 1893.71 123.415 -12.8421 0.1 0
11.439 1894.96 123.285 -12.8351 0.1 0
11.4492 1896.21 123.155 -12.8282 0.1 0
11.4593 1897.46 123.024 -12.8212 0.1 0
11.4695 1898.71 122.894 -12.8143 0.1 0
11.4797 1899.96 122.764 -12.8074 0.1 0
11.4899 1901.21 122.633 -12.8005 0.1 0
11.5001 1902.46 122.503 -12.7935 0.1 0
11.5103 1903.71 122.372 -12.7866 0.1 0
11.5205 1904.96 122.241 -12.7797 0.1 0
11.5307 1906.21 122.111 -12.7728 0.1 0
11.541 1907.46 121.98 -12.7659 0.1 0
11.5512 1908.71 121.849 -12.759 0.1 0
11.5615 1909.96 121.718 -12.7521 0.1 0
11.5717 1911.21 121.587 -12.7453 0.1 0
11.582 1912.46 121.456 -12.7384 0.1 0
11.5923 1913.71 121.325 -12.7315 0.1 0
11.6026 1914.96 121.194 -12.7247 0.1 0
11.613 1916.21 121.062 -12.7178 0.1 0
11.6233 1917.46 120.931 -12.711 0.1 0
11.6336 1918.71 120.8 -12.7041 0.1 0
11.644 1919.96 120.668 -12.6973 0.1 0
11.6544 1921.21 120.537 -12.6905 0.1 0
11.6647 1922.46 120.405 -12.6836 0.1 0
11.6751 1923.71 120.273 -12.6768 0.1 0
11.6855 1924.96 120.141 -12.67 0.1 0
11.6959 1926.21 120.01 -12.6632 0.1 0
11.7059 1927.41 119.883 -12.6567 0.1 0
11.7159 1928.61 119.756 -12.6501 0.1 0
11.726 1929.81 119.629 -12.6436 0.1 0
11.736 1931.01 119.503 -12.6371 0.1 0
11.7461 1932.21 119.376 -12.6306 0.1 0
11.7561 1933.41 119.249 -12.6241 0.1 0
11.7662 1934.61 119.122 -12.6176 0.1 0
11.7763 1935.81 118.994 -12.6111 0.1 0
11.7864 1937.01 118.867 -12.6046 0.1 0
11.7965 1938.21 118.74 -12.5981 0.1 0
11.8066 1939.41 118.613 -12.5916 0.1 0
11.8167 1940.61 118.485 -12.5852 0.1 0
11.8268 1941.81 118.358 -12.5787 0.1 0
11.837 1943.01 118.23 -12.5722 0.1 0
11.8471 1944.21 118.102 -12.5658 0.1 0
11.8573 1945.41 117.975 -12.5593 0.1 0
11.8675 1946.61 117.847 -12.5529 0.1 0
11.8777 1947.81 117.719 -12.5464 0.1 0
11.8879 1949.01 117.591 -12.54 0.1 0
11.8981 1950.21 117.463 -12.5335 0.1 0
11.9083 1951.41 117.335 -12.5271 0.1 0
11.9185 1952.61 117.207 -12.5207 0.1 0
11.9288 1953.81 117.079 -12.5143 0.1 0
11.939 1955.01 116.95 -12.5079 0.1 0
11.9493 1956.21 116.822 -12.5015 0.1 0
11.9596 1957.41 116.694 -12.4951 0.1 0
11.9699 1958.61 116.565 -12.4887 0.1 0
11.9802 1959.81 116.436 -12.4823 0.1 0
11.9905 1961.01 116.308 -12.4759 0.1 0
12.0008 1962.21 116.179 -12.4695 0.1 0
12.0111 1963.41 116.05 -12.4631 0.1 0
12.0215 1964.61 115.921 -12.4568 0.1 0
12.0318 1965.81 115.792 -12.4504 0.1 0
12.0422 1967.01 115.663 -12.444 0.1 0
12.0526 1968.21 115.534 -12.4377 0.1 0
12.063 1969.41 115.405 -12.4313 0.1 0
12.0734 1970.61 115.275 -12.425 0.1 0
12.0838 1971.81 115.146 -12.4186 0.1 0
12.0942 1973.01 115.017 -12.4123 0.1 0
12.1042 1974.16 114.892 -12.4062 0.1 0
12.1142 1975.31 114.768 -12.4002 0.1 0
12.1243 1976.46 114.644 -12.3941 0.1 0
12.1343 1977.61 114.52 -12.3881 0.1 0
12.1443 1978.76 114.395 -12.382 0.1 0
12.1544 1979.91 114.271 -12.376 0.1 0
12.1645 1981.06 114.146 -12.3699 0.1 0
12.1746 1982.21 114.021 -12.3639 0.1 0
12.1846 1983.36 113.897 -12.3579 0.1 0
12.1947 1984.51 113.772 -12.3519 0.1 0
12.2049 1985.66 113.647 -12.3458 0.1 0
12.215 1986.81 113.522 -12.3398 0.1 0
12.2251 1987.96 113.397 -12.3338 0.1 0
12.2353 1989.11 113.272 -12.3278 0.1 0
12.2454 1990.26 113.147 -12.3218 0.1 0
12.2556 1991.41 113.021 -12.3158 0.1 0
12.2658 1992.56 112.896 -12.3098 0.1 0
12.276 1993.71 112.771 -12.3038 0.1 0
12.2862 1994.86 112.645 -12.2978 0.1 0
12.2964 1996.01 112.519 -12.2919 0.1 0
12.3066 1997.16 112.394 -12.2859 0.1 0
12.3169 1998.31 112.268 -12.2799 0.1 0
12.3271 1999.46 112.142 -12.274 0.1 0
12.3374 2000.61 112.016 -12.268 0.1 0
12.3476 2001.76 111.89 -12.262 0.1 0
12.3579 2002.91 111.764 -12.2561 0.1 0
12.3682 2004.06 111.638 -12.2501 0.1 0
12.3785 2005.21 111.512 -12.2442 0.1 0
12.3888 2006.36 111.386 -12.2383 0.1 0
12.3992 2007.51 111.259 -12.2323 0.1 0
12.4095 2008.66 111.133 -12.2264 0.1 0
12.4199 2009.81 111.006 -12.2205 0.1 0
12.4302 2010.96 110.879 -12.2146 0.1 0
12.4406 2012.11 110.753 -12.2086 0.1 0
12.451 2013.26 110.626 -12.2027 0.1 0
12.4614 2014.41 110.499 -12.1968 0.1 0
12.4718 2015.56 110.372 -12.1909 0.1 0
12.4822 2016.71 110.245 -12.185 0.1 0
12.4927 2017.86 110.118 -12.1791 0.1 0
12.5031 2019.01 109.991 -12.1733 0.1 0
12.5131 2020.11 109.869 -12.1676 0.1 0
12.5232 2021.21 109.747 -12.162 0.1 0
12.5332 2022.31 109.625 -12.1564 0.1 0
12.5432 2023.41 109.503 -12.1508 0.1 0
12.5533 2024.51 109.381 -12.1452 0.1 0
12.5633 2025.61 109.259 -12.1396 0.1 0
12.5734 2026.71 109.136 -12.134 0.1 0
12.5835 2027.81 109.014 -12.1284 0.1 0
12.5936 2028.91 108.892 -12.1228 0.1 0
12.6037 2030.01 108.769 -12.1172 0.1 0
12.6138 2031.11 108.647 -12.1116 0.1 0
12.624 2032.21 108.524 -12.106 0.1 0
12.6341 2033.31 108.401 -12.1004 0.1 0
12.6442 2034.41 108.278 -12.0949 0.1 0
12.6544 2035.51 108.155 -12.0893 0.1 0
12.6646 2036.61 108.032 -12.0837 0.1 0
12.6748 2037.71 107.909 -12.0782 0.1 0
12.685 2038.81 107.786 -12.0726 0.1 0
12.6952 2039.91 107.663 -12.067 0.1 0
12.7054 2041.01 107.54 -12.0615 0.1 0
12.7156 2042.11 107.416 -12.056 0.1 0
12.7259 2043.21 107.293 -12.0504 0.1 0
12.7362 2044.31 107.169 -12.0449 0.1 0
12.7464 2045.41 107.045 -12.0393 0.1 0
12.7567 2046.51 106.922 -12.0338 0.1 0
12.767 2047.61 106.798 -12.0283 0.1 0
12.7773 2048.71 106.674 -12.0228 0.1 0
12.7876 2049.81 106.55 -12.0173 0.1 0
12.798 2050.91 106.426 -12.0117 0.1 0
12.8083 2052.01 106.302 -12.0062 0.1 0
12.8186 2053.11 106.177 -12.0007 0.1 0
12.829 2054.21 106.053 -11.9952 0.1 0
12.8394 2055.31 105.928 -11.9897 0.1 0
12.8498 2056.41 105.804 -11.9842 0.1 0
12.8602 2057.51 105.679 -11.9788 0.1 0
12.8706 2058.61 105.554 -11.9733 0.1 0
12.881 2059.71 105.43 -11.9678 0.1 0
12.8915 2060.81 105.305 -11.9623 0.1 0
12.9019 2061.91 105.18 -11.9568 0.1 0
12.9124 2063.01 105.055 -11.9514 0.1 0
12.9224 2064.06 104.935 -11.9462 0.1 0
12.9324 2065.11 104.816 -11.941 0.1 0
12.9424 2066.16 104.696 -11.9357 0.1 0
12.9525 2067.21 104.576 -11.9305 0.1 0
12.9625 2068.26 104.456 -11.9253 0.1 0
12.9726 2069.31 104.336 -11.9201 0.1 0
12.9826 2070.36 104.216 -11.9149 0.1 0
12.9927 2071.41 104.096 -11.9098 0.1 0
13.0028 2072.46 103.976 -11.9046 0.1 0
13.0129 2073.51 103.856 -11.8994 0.1 0
13.023 2074.56 103.735 -11.8942 0.1 0
13.0332 2075.61 103.615 -11.889 0.1 0
13.0433 2076.66 103.495 -11.8839 0.1 0
13.0534 2077.71 103.374 -11.8787 0.1 0
13.0636 2078.76 103.253 -11.8735 0.1 0
13.0738 2079.81 103.132 -11.8684 0.1 0
13.084 2080.86 103.012 -11.8632 0.1 0
13.0942 2081.91 102.891 -11.8581 0.1 0
13.1044 2082.96 102.77 -11.8529 0.1 0
13.1146 2084.01 102.648 -11.8478 0.1 0
13.1248 2085.06 102.527 -11.8426 0.1 0
13.1351 2086.11 102.406 -11.8375 0.1 0
13.1454 2087.16 102.284 -11.8323 0.1 0
13.1556 2088.21 102.163 -11.8272 0.1 0
13.1659 2089.26 102.041 -11.8221 0.1 0
13.1762 2090.31 101.92 -11.817 0.1 0
13.1865 2091.36 101.798 -11.8118 0.1 0
13.1968 2092.41 101.676 -11.8067 0.1 0
13.2072 2093.46 101.554 -11.8016 0.1 0
13.2175 2094.51 101.432 -11.7965 0.1 0
13.2279 2095.56 101.31 -11.7914 0.1 0
13.2382 2096.61 101.187 -11.7863 0.1 0
13.2486 2097.66 101.065 -11.7812 0.1 0
13.259 2098.71 100.943 -11.7761 0.1 0
13.2694 2099.76 100.82 -11.771 0.1 0
13.2799 2100.81 100.697 -11.7659 0.1 0
13.2903 2101.86 100.575 -11.7608 0.1 0
13.3007 2102.91 100.452 -11.7558 0.1 0
13.3112 2103.96 100.329 -11.7507 0.1 0
13.3217 2105.01 100.206 -11.7456 0.1 0
13.3321 2106.06 100.083 -11.7405 0.1 0
13.3426 2107.11 99.9595 -11.7355 0.1 0
13.3527 2108.11 99.8421 -11.7306 0.1 0
13.3627 2109.11 99.7246 -11.7258 0.1 0
13.3727 2110.11 99.6069 -11.721 0.1 0
13.3828 2111.11 99.4892 -11.7162 0.1 0
13.3928 2112.11 99.3714 -11.7114 0.1 0
13.4029 2113.11 99.2535 -11.7066 0.1 0
13.413 2114.11 99.1355 -11.7018 0.1 0
13.4231 2115.11 99.0174 -11.697 0.1 0
13.4332 2116.11 98.8992 -11.6922 0.1 0
13.4433 2117.11 98.781 -11.6874 0.1 0
13.4534 2118.11 98.6626 -11.6826 0.1 0
13.4636 2119.11 98.5441 -11.6778 0.1 0
13.4737 2120.11 98.4256 -11.673 0.1 0
13.4839 2121.11 98.3069 -11.6682 0.1 0
13.4941 2122.11 98.1882 -11.6635 0.1 0
13.5042 2123.11 98.0694 -11.6587 0.1 0
13.5144 2124.11 97.9504 -11.6539 0.1 0
13.5247 2125.11 97.8314 -11.6492 0.1 0
13.5349 2126.11 97.7123 -11.6444 0.1 0
13.5451 2127.11 97.5931 -11.6396 0.1 0
13.5554 2128.11 97.4737 -11.6349 0.1 0
13.5657 2129.11 97.3543 -11.6301 0.1 0
13.5759 2130.11 97.2348 -11.6254 0.1 0
13.5862 2131.11 97.1152 -11.6206 0.1 0
13.5965 2132.11 96.9955 -11.6159 0.1 0
13.6068 2133.11 96.8757 -11.6111 0.1 0
13.6172 2134.11 96.7558 -11.6064 0.1 0
13.6275 2135.11 96.6358 -11.6016 0.1 0
13.6379 2136.11 96.5157 -11.5969 0.1 0
13.6482 2137.11 96.3954 -11.5922 0.1 0
13.6586 2138.11 96.2751 -11.5875 0.1 0
13.669 2139.11 96.1547 -11.5827 0.1 0
13.6794 2140.11 96.0342 -11.578 0.1 0
13.6898 2141.11 95.9136 -11.5733 0.1 0
13.7003 2142.11 95.7929 -11.5686 0.1 0
13.7107 2143.11 95.6721 -11.5639 0.1 0
13.7212 2144.11 95.5511 -11.5592 0.1 0
13.7316 2145.11 95.4301 -11.5545 0.1 0
13.7421 2146.11 95.309 -11.5498 0.1 0
13.7526 2147.11 95.1877 -11.5451 0.1 0
13.7631 2148.11 95.0664 -11.5404 0.1 0
13.7737 2149.11 94.9449 -11.5357 0.1 0
13.7837 2150.06 94.8295 -11.5312 0.1 0
13.7937 2151.01 94.7139 -11.5268 0.1 0
13.8037 2151.96 94.5982 -11.5223 0.1 0
13.8138 2152.91 94.4825 -11.5179 0.1 0
13.8239 2153.86 94.3666 -11.5134 0.1 0
13.8339 2154.81 94.2507 -11.509 0.1 0
13.844 2155.76 94.1346 -11.5046 0.1 0
13.8541 2156.71 94.0184 -11.5001 0.1 0
13.8642 2157.66 93.9022 -11.4957 0.1 0
13.8743 2158.61 93.7858 -11.4913 0.1 0
13.8845 2159.56 93.6694 -11.4868 0.1 0
13.8946 2160.51 93.5528 -11.4824 0.1 0
13.9048 2161.46 93.4362 -11.478 0.1 0
13.915 2162.41 93.3194 -11.4736 0.1 0
13.9252 2163.36 93.2026 -11.4692 0.1 0
13.9354 2164.31 93.0856 -11.4648 0.1 0
13.9456 2165.26 92.9685 -11.4603 0.1 0
13.9558 2166.21 92.8514 -11.4559 0.1 0
13.966 2167.16 92.7341 -11.4515 0.1 0
13.9763 2168.11 92.6168 -11.4471 0.1 0
13.9865 2169.06 92.4993 -11.4427 0.1 0
13.9968 2170.01 92.3817 -11.4383 0.1 0
14.0071 2170.96 92.264 -11.4339 0.1 0
14.0174 2171.91 92.1462 -11.4296 0.1 0
14.0277 2172.86 92.0283 -11.4252 0.1 0
14.0381 2173.81 91.9104 -11.4208 0.1 0
14.0484 2174.76 91.7922 -11.4164 0.1 0
14.0588 2175.71 91.674 -11.412 0.1 0
14.0691 2176.66 91.5557 -11.4077 0.1 0
14.0795 2177.61 91.4373 -11.4033 0.1 0
14.0899 2178.56 91.3188 -11.3989 0.1 0
14.1003 2179.51 91.2001 -11.3945 0.1 0
14.1107 2180.46 91.0814 -11.3902 0.1 0
14.1212 2181.41 90.9625 -11.3858 0.1 0
14.1316 2182.36 90.8435 -11.3815 0.1 0
14.1421 2183.31 90.7245 -11.3771 0.1 0
14.1526 2184.26 90.6053 -11.3727 0.1 0
14.1631 2185.21 90.486 -11.3684 0.1 0
14.1736 2186.16 90.3666 -11.3641 0.1 0
14.1841 2187.11 90.247 -11.3597 0.1 0
14.1946 2188.06 90.1274 -11.3554 0.1 0
14.2052 2189.01 90.0076 -11.351 0.1 0
14.2152 2189.91 89.8941 -11.3469 0.1 0
14.2252 2190.81 89.7804 -11.3428 0.1 0
14.2352 2191.71 89.6667 -11.3387 0.1 0
14.2453 2192.61 89.5528 -11.3346 0.1 0
14.2553 2193.51 89.4388 -11.3305 0.1 0
14.2654 2194.41 89.3248 -11.3264 0.1 0
14.2755 2195.31 89.2106 -11.3223 0.1 0
14.2856 2196.21 89.0963 -11.3182 0.1 0
14.2957 2197.11 88.9819 -11.3141 0.1 0
14.3058 2198.01 88.8674 -11.3101 0.1 0
14.3159 2198.91 88.7528 -11.306 0.1 0
14.3261 2199.81 88.6381 -11.3019 0.1 0
14.3363 2200.71 88.5233 -11.2978 0.1 0
14.3464 2201.61 88.4084 -11.2937 0.1 0
14.3566 2202.51 88.2934 -11.2897 0.1 0
14.3668 2203.41 88.1782 -11.2856 0.1 0
14.377 2204.31 88.063 -11.2815 0.1 0
14.3873 2205.21 87.9476 -11.2775 0.1 0
14.3975 2206.11 87.8322 -11.2734 0.1 0
14.4078 2207.01 87.7166 -11.2693 0.1 0
14.418 2207.91 87.6009 -11.2653 0.1 0
14.4283 2208.81 87.4851 -11.2612 0.1 0
14.4386 2209.71 87.3692 -11.2572 0.1 0
14.4489 2210.61 87.2532 -11.2531 0.1 0
14.4592 2211.51 87.137 -11.2491 0.1 0
14.4696 2212.41 87.0208 -11.245 0.1 0
14.4799 2213.31 86.9044 -11.241 0.1 0
14.4903 2214.21 86.788 -11.2369 0.1 0
14.5007 2215.11 86.6714 -11.2329 0.1 0
14.511 2216.01 86.5547 -11.2288 0.1 0
14.5214 2216.91 86.4379 -11.2248 0.1 0
14.5319 2217.81 86.3209 -11.2208 0.1 0
14.5423 2218.71 86.2039 -11.2168 0.1 0
14.5527 2219.61 86.0867 -11.2127 0.1 0
14.5632 2220.51 85.9694 -11.2087 0.1 0
14.5737 2221.41 85.852 -11.2047 0.1 0
14.5842 2222.31 85.7345 -11.2007 0.1 0
14.5947 2223.21 85.6168 -11.1966 0.1 0
14.6052 2224.11 85.4991 -11.1926 0.1 0
14.6157 2225.01 85.3812 -11.1886 0.1 0
14.6263 2225.91 85.2632 -11.1846 0.1 0
14.6368 2226.81 85.1451 -11.1806 0.1 0
14.6474 2227.71 85.0268 -11.1766 0.1 0
14.6574 2228.56 84.915 -11.1728 0.1 0
14.6674 2229.41 84.8031 -11.169 0.1 0
14.6775 2230.26 84.6911 -11.1653 0.1 0
14.6875 2231.11 84.579 -11.1615 0.1 0
14.6976 2231.96 84.4668 -11.1577 0.1 0
14.7076 2232.81 84.3544 -11.1539 0.1 0
14.7177 2233.66 84.242 -11.1502 0.1 0
14.7278 2234.51 84.1294 -11.1464 0.1 0
14.7379 2235.36 84.0168 -11.1426 0.1 0
14.7481 2236.21 83.904 -11.1389 0.1 0
14.7582 2237.06 83.7911 -11.1351 0.1 0
14.7684 2237.91 83.678 -11.1314 0.1 0
14.7785 2238.76 83.5649 -11.1276 0.1 0
14.7887 2239.61 83.4517 -11.1239 0.1 0
14.7989 2240.46 83.3383 -11.1201 0.1 0
14.8091 2241.31 83.2248 -11.1164 0.1 0
14.8193 2242.16 83.1112 -11.1126 0.1 0
14.8296 2243.01 82.9975 -11.1089 0.1 0
14.8398 2243.86 82.8837 -11.1051 0.1 0
14.8501 2244.71 82.7697 -11.1014 0.1 0
14.8603 2245.56 82.6557 -11.0976 0.1 0
14.8706 2246.41 82.5415 -11.0939 0.1 0
14.8809 2247.26 82.4272 -11.0902 0.1 0
14.8913 2248.11 82.3127 -11.0864 0.1 0
14.9016 2248.96 82.1982 -11.0827 0.1 0
14.9119 2249.81 82.0835 -11.079 0.1 0
14.9223 2250.66 81.9687 -11.0753 0.1 0
14.9327 2251.51 81.8538 -11.0715 0.1 0
14.9431 2252.36 81.7388 -11.0678 0.1 0
14.9535 2253.21 81.6236 -11.0641 0.1 0
14.9639 2254.06 81.5083 -11.0604 0.1 0
14.9743 2254.91 81.3929 -11.0567 0.1 0
14.9848 2255.76 81.2774 -11.053 0.1 0
14.9953 2256.61 81.1617 -11.0492 0.1 0
15.0057 2257.46 81.046 -11.0455 0.1 0
15.0162 2258.31 80.93 -11.0418 0.1 0
15.0267 2259.16 80.814 -11.0381 0.1 0
15.0373 2260.01 80.6978 -11.0344 0.1 0
15.0478 2260.86 80.5815 -11.0307 0.1 0
15.0584 2261.71 80.4651 -11.027 0.1 0
15.0689 2262.56 80.3486 -11.0233 0.1 0
15.0795 2263.41 80.2319 -11.0196 0.1 0
15.0901 2264.26 80.1151 -11.016 0.1 0
15.1007 2265.11 79.9981 -11.0123 0.1 0
15.1108 2265.91 79.8879 -11.0088 0.1 0
15.1208 2266.71 79.7776 -11.0053 0.1 0
15.1308 2267.51 79.6672 -11.0019 0.1 0
15.1409 2268.31 79.5567 -10.9984 0.1 0
15.1509 2269.11 79.446 -10.9949 0.1 0
15.161 2269.91 79.3352 -10.9915 0.1 0
15.1711 2270.71 79.2243 -10.988 0.1 0
15.1812 2271.51 79.1133 -10.9846 0.1 0
15.1913 2272.31 79.0022 -10.9811 0.1 0
15.2014 2273.11 78.8909 -10.9776 0.1 0
15.2116 2273.91 78.7795 -10.9742 0.1 0
15.2218 2274.71 78.668 -10.9707 0.1 0
15.2319 2275.51 78.5564 -10.9673 0.1 0
15.2421 2276.31 78.4446 -10.9639 0.1 0
15.2523 2277.11 78.3327 -10.9604 0.1 0
15.2626 2277.91 78.2207 -10.957 0.1 0
15.2728 2278.71 78.1086 -10.9535 0.1 0
15.283 2279.51 77.9964 -10.9501 0.1 0
15.2933 2280.31 77.884 -10.9467 0.1 0
15.3036 2281.11 77.7715 -10.9432 0.1 0
15.3139 2281.91 77.6588 -10.9398 0.1 0
15.3242 2282.71 77.5461 -10.9364 0.1 0
15.3345 2283.51 77.4332 -10.9329 0.1 0
15.3449 2284.31 77.3202 -10.9295 0.1 0
15.3552 2285.11 77.207 -10.9261 0.1 0
15.3656 2285.91 77.0937 -10.9226 0.1 0
15.376 2286.71 76.9803 -10.9192 0.1 0
15.3864 2287.51 76.8668 -10.9158 0.1 0
15.3968 2288.31 76.7531 -10.9124 0.1 0
15.4072 2289.11 76.6393 -10.909 0.1 0
15.4177 2289.91 76.5253 -10.9056 0.1 0
15.4281 2290.71 76.4112 -10.9021 0.1 0
15.4386 2291.51 76.297 -10.8987 0.1 0
15.4491 2292.31 76.1827 -10.8953 0.1 0
15.4596 2293.11 76.0682 -10.8919 0.1 0
15.4701 2293.91 75.9536 -10.8885 0.1 0
15.4807 2294.71 75.8388 -10.8851 0.1 0
15.4912 2295.51 75.7239 -10.8817 0.1 0
15.5018 2296.31 75.6089 -10.8783 0.1 0
15.5124 2297.11 75.4937 -10.8749 0.1 0
15.523 2297.91 75.3784 -10.8715 0.1 0
15.5336 2298.71 75.2629 -10.8681 0.1 0
15.5442 2299.51 75.1473 -10.8647 0.1 0
15.5549 2300.31 75.0316 -10.8613 0.1 0
15.5649 2301.06 74.923 -10.8582 0.1 0
15.5749 2301.81 74.8142 -10.855 0.1 0
15.585 2302.56 74.7053 -10.8518 0.1 0
15.595 2303.31 74.5963 -10.8486 0.1 0
15.6051 2304.06 74.4872 -10.8455 0.1 0
15.6151 2304.81 74.3779 -10.8423 0.1 0
15.6252 2305.56 74.2685 -10.8391 0.1 0
15.6353 2306.31 74.159 -10.836 0.1 0
15.6455 2307.06 74.0493 -10.8328 0.1 0
15.6556 2307.81 73.9395 -10.8296 0.1 0
15.6658 2308.56 73.8296 -10.8265 0.1 0
15.6759 2309.31 73.7196 -10.8233 0.1 0
15.6861 2310.06 73.6094 -10.8202 0.1 0
15.6963 2310.81 73.4991 -10.817 0.1 0
15.7065 2311.56 73.3886 -10.8138 0.1 0
15.7167 2312.31 73.278 -10.8107 0.1 0
15.727 2313.06 73.1673 -10.8075 0.1 0
15.7372 2313.81 73.0564 -10.8044 0.1 0
15.7475 2314.56 72.9455 -10.8012 0.1 0
15.7578 2315.31 72.8343 -10.7981 0.1 0
15.7681 2316.06 72.7231 -10.7949 0.1 0
15.7784 2316.81 72.6117 -10.7918 0.1 0
15.7888 2317.56 72.5001 -10.7887 0.1 0
15.7991 2318.31 72.3884 -10.7855 0.1 0
15.8095 2319.06 72.2766 -10.7824 0.1 0
15.8199 2319.81 72.1647 -10.7792 0.1 0
15.8303 2320.56 72.0525 -10.7761 0.1 0
15.8407 2321.31 71.9403 -10.773 0.1 0
15.8511 2322.06 71.8279 -10.7698 0.1 0
15.8616 2322.81 71.7154 -10.7667 0.1 0
15.872 2323.56 71.6027 -10.7636 0.1 0
15.8825 2324.31 71.4899 -10.7605 0.1 0
15.893 2325.06 71.3769 -10.7573 0.1 0
15.9035 2325.81 71.2638 -10.7542 0.1 0
15.9141 2326.56 71.1506 -10.7511 0.1 0
15.9246 2327.31 71.0371 -10.748 0.1 0
15.9352 2328.06 70.9236 -10.7448 0.1 0
15.9458 2328.81 70.8099 -10.7417 0.1 0
15.9564 2329.56 70.696 -10.7386 0.1 0
15.967 2330.31 70.582 -10.7355 0.1 0
15.9776 2331.06 70.4679 -10.7324 0.1 0
15.9883 2331.81 70.3536 -10.7293 0.1 0
15.999 2332.56 70.2391 -10.7261 0.1 0
16.0096 2333.31 70.1245 -10.723 0.1 0
16.0203 2334.06 70.0097 -10.7199 0.1 0
16.0304 2334.76 69.9025 -10.717 0.1 0
16.0404 2335.46 69.7951 -10.7141 0.1 0
16.0504 2336.16 69.6875 -10.7112 0.1 0
16.0605 2336.86 69.5799 -10.7083 0.1 0
16.0705 2337.56 69.4721 -10.7054 0.1 0
16.0806 2338.26 69.3641 -10.7026 0.1 0
16.0907 2338.96 69.2561 -10.6997 0.1 0
16.1008 2339.66 69.1478 -10.6968 0.1 0
16.111 2340.36 69.0395 -10.6939 0.1 0
16.1211 2341.06 68.931 -10.691 0.1 0
16.1313 2341.76 68.8223 -10.6881 0.1 0
16.1415 2342.46 68.7135 -10.6852 0.1 0
16.1517 2343.16 68.6046 -10.6824 0.1 0
16.1619 2343.86 68.4955 -10.6795 0.1 0
16.1721 2344.56 68.3863 -10.6766 0.1 0
16.1823 2345.26 68.277 -10.6737 0.1 0
16.1926 2345.96 68.1674 -10.6708 0.1 0
16.2029 2346.66 68.0578 -10.668 0.1 0
16.2132 2347.36 67.948 -10.6651 0.1 0
16.2235 2348.06 67.838 -10.6622 0.1 0
16.2338 2348.76 67.7279 -10.6593 0.1 0
16.2442 2349.46 67.6177 -10.6565 0.1 0
16.2545 2350.16 67.5073 -10.6536 0.1 0
16.2649 2350.86 67.3967 -10.6507 0.1 0
16.2753 2351.56 67.286 -10.6479 0.1 0
16.2857 2352.26 67.1752 -10.645 0.1 0
16.2961 2352.96 67.0642 -10.6421 0.1 0
16.3066 2353.66 66.953 -10.6393 0.1 0
16.317 2354.36 66.8417 -10.6364 0.1 0
16.3275 2355.06 66.7302 -10.6336 0.1 0
16.338 2355.76 66.6186 -10.6307 0.1 0
16.3485 2356.46 66.5068 -10.6278 0.1 0
16.3591 2357.16 66.3949 -10.625 0.1 0
16.3696 2357.86 66.2827 -10.6221 0.1 0
16.3802 2358.56 66.1705 -10.6193 0.1 0
16.3908 2359.26 66.0581 -10.6164 0.1 0
16.4014 2359.96 65.9455 -10.6136 0.1 0
16.412 2360.66 65.8327 -10.6107 0.1 0
16.4227 2361.36 65.7198 -10.6079 0.1 0
16.4333 2362.06 65.6067 -10.605 0.1 0
16.444 2362.76 65.4935 -10.6022 0.1 0
16.4547 2363.46 65.3801 -10.5993 0.1 0
16.4654 2364.16 65.2665 -10.5965 0.1 0
16.4762 2364.86 65.1528 -10.5937 0.1 0
16.4869 2365.56 65.0389 -10.5908 0.1 0
16.4969 2366.21 64.9329 -10.5882 0.1 0
16.5069 2366.86 64.8269 -10.5855 0.1 0
16.517 2367.51 64.7207 -10.5829 0.1 0
16.527 2368.16 64.6143 -10.5803 0.1 0
16.5371 2368.81 64.5078 -10.5776 0.1 0
16.5472 2369.46 64.4011 -10.575 0.1 0
16.5573 2370.11 64.2943 -10.5724 0.1 0
16.5674 2370.76 64.1873 -10.5698 0.1 0
16.5775 2371.41 64.0802 -10.5671 0.1 0
16.5877 2372.06 63.9729 -10.5645 0.1 0
16.5979 2372.71 63.8655 -10.5619 0.1 0
16.608 2373.36 63.7579 -10.5593 0.1 0
16.6182 2374.01 63.6502 -10.5566 0.1 0
16.6285 2374.66 63.5423 -10.554 0.1 0
16.6387 2375.31 63.4343 -10.5514 0.1 0
16.649 2375.96 63.3261 -10.5488 0.1 0
16.6592 2376.61 63.2177 -10.5462 0.1 0
16.6695 2377.26 63.1092 -10.5435 0.1 0
16.6798 2377.91 63.0005 -10.5409 0.1 0
16.6902 2378.56 62.8917 -10.5383 0.1 0
16.7005 2379.21 62.7827 -10.5357 0.1 0
16.7109 2379.86 62.6735 -10.5331 0.1 0
16.7212 2380.51 62.5642 -10.5305 0.1 0
16.7316 2381.16 62.4547 -10.5279 0.1 0
16.7421 2381.81 62.345 -10.5253 0.1 0
16.7525 2382.46 62.2352 -10.5227 0.1 0
16.763 2383.11 62.1252 -10.5201 0.1 0
16.7734 2383.76 62.015 -10.5174 0.1 0
16.7839 2384.41 61.9047 -10.5148 0.1 0
16.7944 2385.06 61.7942 -10.5122 0.1 0
16.805 2385.71 61.6836 -10.5096 0.1 0
16.8155 2386.36 61.5727 -10.507 0.1 0
16.8261 2387.01 61.4617 -10.5044 0.1 0
16.8367 2387.66 61.3505 -10.5018 0.1 0
16.8473 2388.31 61.2392 -10.4992 0.1 0
16.8579 2388.96 61.1276 -10.4966 0.1 0
16.8685 2389.61 61.0159 -10.4941 0.1 0
16.8792 2390.26 60.904 -10.4915 0.1 0
16.8899 2390.91 60.792 -10.4889 0.1 0
16.9006 2391.56 60.6797 -10.4863 0.1 0
16.9113 2392.21 60.5673 -10.4837 0.1 0
16.922 2392.86 60.4547 -10.4811 0.1 0
16.9328 2393.51 60.3419 -10.4785 0.1 0
16.9436 2394.16 60.2289 -10.4759 0.1 0
16.9544 2394.81 60.1158 -10.4733 0.1 0
16.9652 2395.46 60.0024 -10.4707 0.1 0
16.9752 2396.06 59.8976 -10.4684 0.1 0
16.9853 2396.66 59.7927 -10.466 0.1 0
16.9953 2397.26 59.6876 -10.4636 0.1 0
17.0054 2397.86 59.5823 -10.4612 0.1 0
17.0154 2398.46 59.4769 -10.4588 0.1 0
17.0255 2399.06 59.3713 -10.4565 0.1 0
17.0357 2399.66 59.2655 -10.4541 0.1 0
17.0458 2400.26 59.1596 -10.4517 0.1 0
17.0559 2400.86 59.0535 -10.4493 0.1 0
17.0661 2401.46 58.9472 -10.4469 0.1 0
17.0763 2402.06 58.8408 -10.4446 0.1 0
17.0865 2402.66 58.7342 -10.4422 0.1 0
17.0967 2403.26 58.6274 -10.4398 0.1 0
17.107 2403.86 58.5205 -10.4374 0.1 0
17.1172 2404.46 58.4134 -10.4351 0.1 0
17.1275 2405.06 58.3061 -10.4327 0.1 0
17.1378 2405.66 58.1987 -10.4303 0.1 0
17.1481 2406.26 58.091 -10.428 0.1 0
17.1585 2406.86 57.9832 -10.4256 0.1 0
17.1688 2407.46 57.8753 -10.4232 0.1 0
17.1792 2408.06 57.7671 -10.4209 0.1 0
17.1896 2408.66 57.6588 -10.4185 0.1 0
17.2 2409.26 57.5503 -10.4161 0.1 0
17.2105 2409.86 57.4416 -10.4138 0.1 0
17.2209 2410.46 57.3327 -10.4114 0.1 0
17.2314 2411.06 57.2236 -10.4091 0.1 0
17.2419 2411.66 57.1144 -10.4067 0.1 0
17.2524 2412.26 57.005 -10.4043 0.1 0
17.2629 2412.86 56.8954 -10.402 0.1 0
17.2735 2413.46 56.7856 -10.3996 0.1 0
17.2841 2414.06 56.6756 -10.3973 0.1 0
17.2947 2414.66 56.5654 -10.3949 0.1 0
17.3053 2415.26 56.455 -10.3925 0.1 0
17.3159 2415.86 56.3445 -10.3902 0.1 0
17.3266 2416.46 56.2337 -10.3878 0.1 0
17.3373 2417.06 56.1228 -10.3855 0.1 0
17.348 2417.66 56.0117 -10.3831 0.1 0
17.3587 2418.26 55.9003 -10.3808 0.1 0
17.3694 2418.86 55.7888 -10.3784 0.1 0
17.3802 2419.46 55.6771 -10.3761 0.1 0
17.391 2420.06 55.5652 -10.3737 0.1 0
17.4018 2420.66 55.453 -10.3714 0.1 0
17.4126 2421.26 55.3407 -10.3691 0.1 0
17.4235 2421.86 55.2282 -10.3667 0.1 0
17.4344 2422.46 55.1154 -10.3644 0.1 0
17.4453 2423.06 55.0025 -10.362 0.1 0
17.4553 2423.61 54.8988 -10.3599 0.1 0
17.4653 2424.16 54.7949 -10.3577 0.1 0
17.4754 2424.71 54.6908 -10.3556 0.1 0
17.4854 2425.26 54.5866 -10.3534 0.1 0
17.4955 2425.81 54.4822 -10.3513 0.1 0
17.5056 2426.36 54.3776 -10.3492 0.1 0
17.5157 2426.91 54.2728 -10.347 0.1 0
17.5259 2427.46 54.1679 -10.3449 0.1 0
17.5361 2428.01 54.0627 -10.3427 0.1 0
17.5462 2428.56 53.9574 -10.3406 0.1 0
17.5564 2429.11 53.8519 -10.3385 0.1 0
17.5667 2429.66 53.7462 -10.3363 0.1 0
17.5769 2430.21 53.6403 -10.3342 0.1 0
17.5872 2430.76 53.5343 -10.332 0.1 0
17.5975 2431.31 53.428 -10.3299 0.1 0
17.6078 2431.86 53.3216 -10.3278 0.1 0
17.6181 2432.41 53.2149 -10.3256 0.1 0
17.6284 2432.96 53.1081 -10.3235 0.1 0
17.6388 2433.51 53.0011 -10.3214 0.1 0
17.6492 2434.06 52.8939 -10.3192 0.1 0
17.6596 2434.61 52.7865 -10.3171 0.1 0
17.67 2435.16 52.6789 -10.315 0.1 0
17.6805 2435.71 52.5711 -10.3128 0.1 0
17.691 2436.26 52.4631 -10.3107 0.1 0
17.7015 2436.81 52.3549 -10.3086 0.1 0
17.712 2437.36 52.2465 -10.3065 0.1 0
17.7225 2437.91 52.1379 -10.3043 0.1 0
17.7331 2438.46 52.029 -10.3022 0.1 0
17.7437 2439.01 51.92 -10.3001 0.1 0
17.7543 2439.56 51.8108 -10.298 0.1 0
17.7649 2440.11 51.7014 -10.2958 0.1 0
17.7755 2440.66 51.5917 -10.2937 0.1 0
17.7862 2441.21 51.4819 -10.2916 0.1 0
17.7969 2441.76 51.3718 -10.2895 0.1 0
17.8076 2442.31 51.2615 -10.2874 0.1 0
17.8184 2442.86 51.151 -10.2852 0.1 0
17.8291 2443.41 51.0403 -10.2831 0.1 0
17.8399 2443.96 50.9294 -10.281 0.1 0
17.8507 2444.51 50.8183 -10.2789 0.1 0
17.8616 2445.06 50.7069 -10.2768 0.1 0
17.8724 2445.61 50.5953 -10.2746 0.1 0
17.8833 2446.16 50.4835 -10.2725 0.1 0
17.8942 2446.71 50.3714 -10.2704 0.1 0
17.9052 2447.26 50.2592 -10.2683 0.1 0
17.9161 2447.81 50.1467 -10.2662 0.1 0
17.9271 2448.36 50.034 -10.2641 0.1 0
17.9371 2448.86 49.9313 -10.2622 0.1 0
17.9471 2449.36 49.8284 -10.2602 0.1 0
17.9572 2449.86 49.7254 -10.2583 0.1 0
17.9672 2450.36 49.6221 -10.2564 0.1 0
17.9773 2450.86 49.5186 -10.2545 0.1 0
17.9874 2451.36 49.415 -10.2526 0.1 0
17.9976 2451.86 49.3111 -10.2507 0.1 0
18.0077 2452.36 49.2071 -10.2487 0.1 0
18.0179 2452.86 49.1028 -10.2468 0.1 0
18.0281 2453.36 48.9984 -10.2449 0.1 0
18.0383 2453.86 48.8937 -10.243 0.1 0
18.0485 2454.36 48.7889 -10.2411 0.1 0
18.0588 2454.86 48.6838 -10.2392 0.1 0
18.0691 2455.36 48.5785 -10.2373 0.1 0
18.0794 2455.86 48.4731 -10.2353 0.1 0
18.0897 2456.36 48.3674 -10.2334 0.1 0
18.1001 2456.86 48.2615 -10.2315 0.1 0
18.1104 2457.36 48.1553 -10.2296 0.1 0
18.1208 2457.86 48.049 -10.2277 0.1 0
18.1312 2458.36 47.9425 -10.2258 0.1 0
18.1417 2458.86 47.8357 -10.2239 0.1 0
18.1522 2459.36 47.7287 -10.222 0.1 0
18.1626 2459.86 47.6215 -10.2201 0.1 0
18.1732 2460.36 47.5141 -10.2182 0.1 0
18.1837 2460.86 47.4064 -10.2163 0.1 0
18.1943 2461.36 47.2985 -10.2144 0.1 0
18.2048 2461.86 47.1904 -10.2125 0.1 0
18.2154 2462.36 47.0821 -10.2106 0.1 0
18.2261 2462.86 46.9735 -10.2087 0.1 0
18.2367 2463.36 46.8648 -10.2068 0.1 0
18.2474 2463.86 46.7557 -10.2049 0.1 0
18.2581 2464.36 46.6465 -10.203 0.1 0
18.2689 2464.86 46.537 -10.2011 0.1 0
18.2796 2465.36 46.4272 -10.1992 0.1 0
18.2904 2465.86 46.3173 -10.1973 0.1 0
18.3012 2466.36 46.2071 -10.1954 0.1 0
18.312 2466.86 46.0966 -10.1935 0.1 0
18.3229 2467.36 45.9859 -10.1916 0.1 0
18.3338 2467.86 45.875 -10.1897 0.1 0
18.3447 2468.36 45.7638 -10.1878 0.1 0
18.3556 2468.86 45.6523 -10.1859 0.1 0
18.3666 2469.36 45.5406 -10.184 0.1 0
18.3776 2469.86 45.4287 -10.1821 0.1 0
18.3886 2470.36 45.3165 -10.1802 0.1 0
18.3997 2470.86 45.204 -10.1783 0.1 0
18.4108 2471.36 45.0913 -10.1764 0.1 0
18.4219 2471.86 44.9783 -10.1745 0.1 0
18.4319 2472.31 44.8764 -10.1728 0.1 0
18.4419 2472.76 44.7742 -10.1711 0.1 0
18.452 2473.21 44.6719 -10.1694 0.1 0
18.4621 2473.66 44.5693 -10.1677 0.1 0
18.4722 2474.11 44.4665 -10.166 0.1 0
18.4823 2474.56 44.3635 -10.1643 0.1 0
18.4925 2475.01 44.2603 -10.1626 0.1 0
18.5026 2475.46 44.1569 -10.1609 0.1 0
18.5129 2475.91 44.0532 -10.1592 0.1 0
18.5231 2476.36 43.9493 -10.1575 0.1 0
18.5333 2476.81 43.8452 -10.1558 0.1 0
18.5436 2477.26 43.7408 -10.1541 0.1 0
18.5539 2477.71 43.6362 -10.1524 0.1 0
18.5642 2478.16 43.5314 -10.1507 0.1 0
18.5746 2478.61 43.4263 -10.149 0.1 0
18.585 2479.06 43.321 -10.1473 0.1 0
18.5954 2479.51 43.2155 -10.1456 0.1 0
18.6058 2479.96 43.1097 -10.144 0.1 0
18.6162 2480.41 43.0037 -10.1423 0.1 0
18.6267 2480.86 42.8974 -10.1406 0.1 0
18.6372 2481.31 42.7909 -10.1389 0.1 0
18.6478 2481.76 42.6841 -10.1372 0.1 0
18.6583 2482.21 42.5771 -10.1355 0.1 0
18.6689 2482.66 42.4699 -10.1338 0.1 0
18.6795 2483.11 42.3623 -10.1321 0.1 0
18.6901 2483.56 42.2546 -10.1304 0.1 0
18.7008 2484.01 42.1465 -10.1287 0.1 0
18.7115 2484.46 42.0383 -10.127 0.1 0
18.7222 2484.91 41.9297 -10.1253 0.1 0
18.733 2485.36 41.8209 -10.1237 0.1 0
18.7437 2485.81 41.7118 -10.122 0.1 0
18.7546 2486.26 41.6025 -10.1203 0.1 0
18.7654 2486.71 41.4928 -10.1186 0.1 0
18.7762 2487.16 41.3829 -10.1169 0.1 0
18.7871 2487.61 41.2728 -10.1152 0.1 0
18.7981 2488.06 41.1623 -10.1135 0.1 0
18.809 2488.51 41.0516 -10.1119 0.1 0
18.82 2488.96 40.9406 -10.1102 0.1 0
18.831 2489.41 40.8293 -10.1085 0.1 0
18.842 2489.86 40.7178 -10.1068 0.1 0
18.8531 2490.31 40.6059 -10.1051 0.1 0
18.8642 2490.76 40.4938 -10.1034 0.1 0
18.8753 2491.21 40.3813 -10.1017 0.1 0
18.8865 2491.66 40.2686 -10.1001 0.1 0
18.8977 2492.11 40.1556 -10.0984 0.1 0
18.9089 2492.56 40.0422 -10.0967 0.1 0
18.9189 2492.96 39.9412 -10.0952 0.1 0
18.9289 2493.36 39.84 -10.0937 0.1 0
18.939 2493.76 39.7385 -10.0922 0.1 0
18.9491 2494.16 39.6368 -10.0907 0.1 0
18.9592 2494.56 39.5348 -10.0892 0.1 0
18.9693 2494.96 39.4326 -10.0877 0.1 0
18.9795 2495.36 39.3301 -10.0862 0.1 0
18.9897 2495.76 39.2274 -10.0847 0.1 0
18.9999 2496.16 39.1244 -10.0833 0.1 0
19.0101 2496.56 39.0212 -10.0818 0.1 0
19.0204 2496.96 38.9177 -10.0803 0.1 0
19.0307 2497.36 38.8139 -10.0788 0.1 0
19.041 2497.76 38.7099 -10.0773 0.1 0
19.0513 2498.16 38.6056 -10.0758 0.1 0
19.0617 2498.56 38.5011 -10.0743 0.1 0
19.0721 2498.96 38.3963 -10.0728 0.1 0
19.0826 2499.36 38.2912 -10.0713 0.1 0
19.093 2499.76 38.1858 -10.0698 0.1 0
19.1035 2500.16 38.0802 -10.0684 0.1 0
19.114 2500.56 37.9743 -10.0669 0.1 0
19.1246 2500.96 37.8681 -10.0654 0.1 0
19.1352 2501.36 37.7616 -10.0639 0.1 0
19.1458 2501.76 37.6548 -10.0624 0.1 0
19.1564 2502.16 37.5478 -10.0609 0.1 0
19.1671 2502.56 37.4404 -10.0594 0.1 0
19.1778 2502.96 37.3328 -10.0579 0.1 0
19.1885 2503.36 37.2249 -10.0565 0.1 0
19.1993 2503.76 37.1166 -10.055 0.1 0
19.2101 2504.16 37.0081 -10.0535 0.1 0
19.2209 2504.56 36.8993 -10.052 0.1 0
19.2318 2504.96 36.7901 -10.0505 0.1 0
19.2426 2505.36 36.6807 -10.049 0.1 0
19.2536 2505.76 36.5709 -10.0475 0.1 0
19.2645 2506.16 36.4609 -10.0461 0.1 0
19.2755 2506.56 36.3505 -10.0446 0.1 0
19.2865 2506.96 36.2398 -10.0431 0.1 0
19.2976 2507.36 36.1287 -10.0416 0.1 0
19.3087 2507.76 36.0174 -10.0401 0.1 0
19.3198 2508.16 35.9057 -10.0386 0.1 0
19.331 2508.56 35.7937 -10.0372 0.1 0
19.3422 2508.96 35.6813 -10.0357 0.1 0
19.3534 2509.36 35.5686 -10.0342 0.1 0
19.3647 2509.76 35.4556 -10.0327 0.1 0
19.376 2510.16 35.3422 -10.0312 0.1 0
19.3873 2510.56 35.2285 -10.0297 0.1 0
19.3987 2510.96 35.1144 -10.0283 0.1 0
19.4101 2511.36 34.9999 -10.0268 0.1 0
19.4201 2511.71 34.8995 -10.0255 0.1 0
19.4301 2512.06 34.7988 -10.0242 0.1 0
19.4402 2512.41 34.6978 -10.0229 0.1 0
19.4503 2512.76 34.5966 -10.0216 0.1 0
19.4605 2513.11 34.495 -10.0203 0.1 0
19.4706 2513.46 34.3932 -10.019 0.1 0
19.4808 2513.81 34.2911 -10.0177 0.1 0
19.491 2514.16 34.1886 -10.0164 0.1 0
19.5013 2514.51 34.0859 -10.0151 0.1 0
19.5116 2514.86 33.9829 -10.0138 0.1 0
19.5219 2515.21 33.8796 -10.0125 0.1 0
19.5322 2515.56 33.776 -10.0112 0.1 0
19.5426 2515.91 33.6721 -10.0099 0.1 0
19.553 2516.26 33.5679 -10.0087 0.1 0
19.5635 2516.61 33.4633 -10.0074 0.1 0
19.574 2516.96 33.3585 -10.0061 0.1 0
19.5845 2517.31 33.2533 -10.0048 0.1 0
19.595 2517.66 33.1478 -10.0035 0.1 0
19.6056 2518.01 33.042 -10.0022 0.1 0
19.6162 2518.36 32.9359 -10.0009 0.1 0
19.6269 2518.71 32.8294 -9.9996 0.1 0
19.6375 2519.06 32.7226 -9.99831 0.1 0
19.6483 2519.41 32.6155 -9.99701 0.1 0
19.659 2519.76 32.508 -9.99572 0.1 0
19.6698 2520.11 32.4002 -9.99443 0.1 0
19.6806 2520.46 32.292 -9.99314 0.1 0
19.6915 2520.81 32.1835 -9.99184 0.1 0
19.7024 2521.16 32.0747 -9.99055 0.1 0
19.7133 2521.51 31.9654 -9.98926 0.1 0
19.7243 2521.86 31.8559 -9.98797 0.1 0
19.7353 2522.21 31.7459 -9.98668 0.1 0
19.7463 2522.56 31.6356 -9.98538 0.1 0
19.7574 2522.91 31.5249 -9.98409 0.1 0
19.7685 2523.26 31.4139 -9.9828 0.1 0
19.7797 2523.61 31.3024 -9.98151 0.1 0
19.7909 2523.96 31.1906 -9.98022 0.1 0
19.8022 2524.31 31.0784 -9.97893 0.1 0
19.8134 2524.66 30.9658 -9.97763 0.1 0
19.8248 2525.01 30.8528 -9.97634 0.1 0
19.8361 2525.36 30.7394 -9.97505 0.1 0
19.8475 2525.71 30.6256 -9.97376 0.1 0
19.859 2526.06 30.5113 -9.97247 0.1 0
19.8705 2526.41 30.3967 -9.97118 0.1 0
19.882 2526.76 30.2816 -9.96989 0.1 0
19.8936 2527.11 30.1662 -9.9686 0.1 0
19.9052 2527.46 30.0503 -9.9673 0.1 0
19.9152 2527.76 29.9506 -9.9662 0.1 0
19.9253 2528.06 29.8506 -9.96509 0.1 0
19.9354 2528.36 29.7502 -9.96398 0.1 0
19.9455 2528.66 29.6495 -9.96288 0.1 0
19.9556 2528.96 29.5485 -9.96177 0.1 0
19.9658 2529.26 29.4472 -9.96066 0.1 0
19.976 2529.56 29.3455 -9.95956 0.1 0
19.9862 2529.86 29.2435 -9.95845 0.1 0
19.9965 2530.16 29.1412 -9.95734 0.1 0
20.0068 2530.46 29.0384 -9.95623 0.1 0
20.0172 2530.76 28.9354 -9.95513 0.1 0
20.0276 2531.06 28.832 -9.95402 0.1 0
20.038 2531.36 28.7282 -9.95291 0.1 0
20.0484 2531.66 28.624 -9.95181 0.1 0
20.059 2531.96 28.5195 -9.9507 0.1 0
20.0695 2532.26 28.4146 -9.94959 0.1 0
20.0801 2532.56 28.3093 -9.94848 0.1 0
20.0907 2532.86 28.2037 -9.94737 0.1 0
20.1014 2533.16 28.0977 -9.94627 0.1 0
20.1121 2533.46 27.9912 -9.94516 0.1 0
20.1228 2533.76 27.8844 -9.94405 0.1 0
20.1336 2534.06 27.7772 -9.94294 0.1 0
20.1444 2534.36 27.6696 -9.94183 0.1 0
20.1553 2534.66 27.5615 -9.94073 0.1 0
20.1662 2534.96 27.4531 -9.93962 0.1 0
20.1771 2535.26 27.3442 -9.93851 0.1 0
20.1881 2535.56 27.235 -9.9374 0.1 0
20.1992 2535.86 27.1252 -9.93629 0.1 0
20.2103 2536.16 27.0151 -9.93518 0.1 0
20.2214 2536.46 26.9045 -9.93407 0.1 0
20.2326 2536.76 26.7935 -9.93296 0.1 0
20.2438 2537.06 26.682 -9.93185 0.1 0
20.2551 2537.36 26.5701 -9.93074 0.1 0
20.2664 2537.66 26.4577 -9.92963 0.1 0
20.2777 2537.96 26.3448 -9.92852 0.1 0
20.2892 2538.26 26.2315 -9.92741 0.1 0
20.3006 2538.56 26.1176 -9.92629 0.1 0
20.3121 2538.86 26.0033 -9.92518 0.1 0
20.3237 2539.16 25.8885 -9.92407 0.1 0
20.3353 2539.46 25.7733 -9.92296 0.1 0
20.347 2539.76 25.6575 -9.92184 0.1 0
20.3587 2540.06 25.5411 -9.92073 0.1 0
20.3705 2540.36 25.4243 -9.91962 0.1 0
20.3823 2540.66 25.307 -9.9185 0.1 0
20.3942 2540.96 25.1891 -9.91739 0.1 0
20.4062 2541.26 25.0706 -9.91627 0.1 0
20.4182 2541.56 24.9517 -9.91516 0.1 0
20.4282 2541.81 24.8521 -9.91423 0.1 0
20.4383 2542.06 24.7521 -9.9133 0.1 0
20.4484 2542.31 24.6517 -9.91237 0.1 0
20.4586 2542.56 24.551 -9.91144 0.1 0
20.4688 2542.81 24.4498 -9.91051 0.1 0
20.479 2543.06 24.3482 -9.90957 0.1 0
20.4893 2543.31 24.2462 -9.90864 0.1 0
20.4997 2543.56 24.1438 -9.90771 0.1 0
20.5101 2543.81 24.041 -9.90678 0.1 0
20.5205 2544.06 23.9377 -9.90584 0.1 0
20.5309 2544.31 23.834 -9.90491 0.1 0
20.5415 2544.56 23.7298 -9.90398 0.1 0
20.552 2544.81 23.6252 -9.90304 0.1 0
20.5626 2545.06 23.5201 -9.9021 0.1 0
20.5733 2545.31 23.4146 -9.90117 0.1 0
20.584 2545.56 23.3086 -9.90023 0.1 0
20.5948 2545.81 23.2021 -9.8993 0.1 0
20.6056 2546.06 23.0952 -9.89836 0.1 0
20.6164 2546.31 22.9877 -9.89742 0.1 0
20.6273 2546.56 22.8798 -9.89648 0.1 0
20.6383 2546.81 22.7713 -9.89554 0.1 0
20.6493 2547.06 22.6624 -9.8946 0.1 0
20.6604 2547.31 22.5529 -9.89366 0.1 0
20.6715 2547.56 22.4429 -9.89272 0.1 0
20.6826 2547.81 22.3324 -9.89178 0.1 0
20.6939 2548.06 22.2214 -9.89083 0.1 0
20.7052 2548.31 22.1098 -9.88989 0.1 0
20.7165 2548.56 21.9976 -9.88894 0.1 0
20.7279 2548.81 21.8849 -9.888 0.1 0
20.7394 2549.06 21.7716 -9.88705 0.1 0
20.7509 2549.31 21.6577 -9.8861 0.1 0
20.7625 2549.56 21.5432 -9.88515 0.1 0
20.7741 2549.81 21.4281 -9.8842 0.1 0
20.7858 2550.06 21.3125 -9.88325 0.1 0
20.7976 2550.31 21.1962 -9.8823 0.1 0
20.8094 2550.56 21.0792 -9.88135 0.1 0
20.8213 2550.81 20.9616 -9.8804 0.1 0
20.8333 2551.06 20.8434 -9.87944 0.1 0
20.8453 2551.31 20.7245 -9.87848 0.1 0
20.8574 2551.56 20.6049 -9.87753 0.1 0
20.8696 2551.81 20.4847 -9.87657 0.1 0
20.8818 2552.06 20.3637 -9.87561 0.1 0
20.8942 2552.31 20.242 -9.87464 0.1 0
20.9066 2552.56 20.1197 -9.87368 0.1 0
20.919 2552.81 19.9965 -9.87271 0.1 0
20.9291 2553.01 19.8975 -9.87194 0.1 0
20.9391 2553.21 19.7979 -9.87117 0.1 0
20.9493 2553.41 19.6979 -9.87039 0.1 0
20.9595 2553.61 19.5974 -9.86961 0.1 0
20.9697 2553.81 19.4963 -9.86883 0.1 0
20.98 2554.01 19.3948 -9.86806 0.1 0
20.9903 2554.21 19.2927 -9.86727 0.1 0
21.0007 2554.41 19.1901 -9.86649 0.1 0
21.0112 2554.61 19.0869 -9.86571 0.1 0
21.0217 2554.81 18.9832 -9.86492 0.1 0
21.0323 2555.01 18.8789 -9.86414 0.1 0
21.0429 2555.21 18.774 -9.86335 0.1 0
21.0536 2555.41 18.6686 -9.86256 0.1 0
21.0644 2555.61 18.5625 -9.86177 0.1 0
21.0752 2555.81 18.4559 -9.86098 0.1 0
21.086 2556.01 18.3487 -9.86018 0.1 0
21.097 2556.21 18.2408 -9.85939 0.1 0
21.108 2556.41 18.1323 -9.85859 0.1 0
21.1191 2556.61 18.0232 -9.85779 0.1 0
21.1302 2556.81 17.9134 -9.85698 0.1 0
21.1414 2557.01 17.8029 -9.85618 0.1 0
21.1527 2557.21 17.6917 -9.85537 0.1 0
21.164 2557.41 17.5799 -9.85456 0.1 0
21.1755 2557.61 17.4673 -9.85375 0.1 0
21.187 2557.81 17.354 -9.85294 0.1 0
21.1985 2558.01 17.24 -9.85212 0.1 0
21.2102 2558.21 17.1253 -9.8513 0.1 0
21.2219 2558.41 17.0097 -9.85048 0.1 0
21.2337 2558.61 16.8934 -9.84965 0.1 0
21.2456 2558.81 16.7763 -9.84883 0.1 0
21.2576 2559.01 16.6584 -9.84799 0.1 0
21.2696 2559.21 16.5396 -9.84716 0.1 0
21.2818 2559.41 16.42 -9.84632 0.1 0
21.294 2559.61 16.2995 -9.84548 0.1 0
21.3063 2559.81 16.1782 -9.84463 0.1 0
21.3188 2560.01 16.0559 -9.84378 0.1 0
21.3313 2560.21 15.9327 -9.84293 0.1 0
21.3439 2560.41 15.8085 -9.84207 0.1 0
21.3566 2560.61 15.6834 -9.8412 0.1 0
21.3694 2560.81 15.5573 -9.84034 0.1 0
21.3824 2561.01 15.4301 -9.83946 0.1 0
21.3954 2561.21 15.302 -9.83858 0.1 0
21.4085 2561.41 15.1727 -9.8377 0.1 0
21.4218 2561.61 15.0423 -9.83681 0.1 0
21.4318 2561.76 14.9438 -9.83614 0.1 0
21.4419 2561.91 14.8446 -9.83546 0.1 0
21.452 2562.06 14.7448 -9.83478 0.1 0
21.4622 2562.21 14.6443 -9.8341 0.1 0
21.4725 2562.36 14.5431 -9.83341 0.1 0
21.4829 2562.51 14.4412 -9.83272 0.1 0
21.4933 2562.66 14.3386 -9.83202 0.1 0
21.5038 2562.81 14.2353 -9.83132 0.1 0
21.5144 2562.96 14.1312 -9.83062 0.1 0
21.5251 2563.11 14.0263 -9.8299 0.1 0
21.5358 2563.26 13.9206 -9.82919 0.1 0
21.5467 2563.41 13.8142 -9.82846 0.1 0
21.5576 2563.56 13.7069 -9.82774 0.1 0
21.5686 2563.71 13.5988 -9.827 0.1 0
21.5797 2563.86 13.4898 -9.82626 0.1 0
21.5909 2564.01 13.38 -9.82551 0.1 0
21.6021 2564.16 13.2692 -9.82476 0.1 0
21.6135 2564.31 13.1575 -9.824 0.1 0
21.625 2564.46 13.0449 -9.82323 0.1 0
21.6365 2564.61 12.9313 -9.82245 0.1 0
21.6482 2564.76 12.8167 -9.82166 0.1 0
21.66 2564.91 12.7011 -9.82086 0.1 0
21.6719 2565.06 12.5844 -9.82005 0.1 0
21.6839 2565.21 12.4666 -9.81924 0.1 0
21.696 2565.36 12.3477 -9.81841 0.1 0
21.7082 2565.51 12.2276 -9.81757 0.1 0
21.7205 2565.66 12.1064 -9.81672 0.1 0
21.733 2565.81 11.984 -9.81585 0.1 0
21.7456 2565.96 11.8603 -9.81497 0.1 0
21.7584 2566.11 11.7353 -9.81408 0.1 0
21.7712 2566.26 11.6089 -9.81317 0.1 0
21.7842 2566.41 11.4812 -9.81224 0.1 0
21.7974 2566.56 11.352 -9.8113 0.1 0
21.8107 2566.71 11.2214 -9.81033 0.1 0
21.8242 2566.86 11.0892 -9.80935 0.1 0
21.8378 2567.01 10.9555 -9.80834 0.1 0
21.8516 2567.16 10.8201 -9.80731 0.1 0
21.8656 2567.31 10.683 -9.80626 0.1 0
21.8798 2567.46 10.5441 -9.80517 0.1 0
21.8941 2567.61 10.4034 -9.80406 0.1 0
21.9087 2567.76 10.2607 -9.80291 0.1 0
21.9234 2567.91 10.1161 -9.80173 0.1 0
21.9384 2568.06 9.9693 -9.80051 0.1 0
21.9485 2568.16 9.87027 -9.79968 0.1 0
21.9587 2568.26 9.77023 -9.79882 0.1 0
21.9691 2568.36 9.66916 -9.79794 0.1 0
21.9795 2568.46 9.56702 -9.79704 0.1 0
21.99 2568.56 9.46379 -9.79612 0.1 0
22.0007 2568.66 9.35942 -9.79517 0.1 0
22.0114 2568.76 9.25388 -9.7942 0.1 0
22.0223 2568.86 9.14713 -9.79319 0.1 0
22.0334 2568.96 9.03912 -9.79216 0.1 0
22.0445 2569.06 8.9298 -9.79109 0.1 0
22.0558 2569.16 8.81914 -9.78998 0.1 0
22.0673 2569.26 8.70707 -9.78884 0.1 0
22.0789 2569.36 8.59355 -9.78765 0.1 0
22.0906 2569.46 8.47851 -9.78642 0.1 0
22.1026 2569.56 8.36189 -9.78514 0.1 0
22.1146 2569.66 8.24363 -9.78381 0.1 0
22.1269 2569.76 8.12365 -9.78242 0.1 0
22.1394 2569.86 8.00187 -9.78097 0.1 0
22.152 2569.96 7.87822 -9.77945 0.1 0
22.1649 2570.06 7.7526 -9.77785 0.1 0
22.1779 2570.16 7.62492 -9.77617 0.1 0
22.1912 2570.26 7.49506 -9.77439 0.1 0
22.2047 2570.36 7.36292 -9.77252 0.1 0
22.2185 2570.46 7.22837 -9.77053 0.1 0
22.2325 2570.56 7.09127 -9.76841 0.1 0
22.2468 2570.66 6.95148 -9.76616 0.1 0
22.2614 2570.76 6.80882 -9.76374 0.1 0
22.2764 2570.86 6.66311 -9.76114 0.1 0
22.2916 2570.96 6.51415 -9.75834 0.1 0
22.3073 2571.06 6.3617 -9.7553 0.1 0
22.3233 2571.16 6.20552 -9.752 0.1 0
22.3397 2571.26 6.04531 -9.74838 0.1 0
22.3566 2571.36 5.88075 -9.74439 0.1 0
22.374 2571.46 5.71145 -9.73998 0.1 0
22.3919 2571.56 5.53698 -9.73505 0.1 0
22.4104 2571.66 5.35684 -9.7295 0.1 0
22.4296 2571.76 5.17044 -9.72321 0.1 0
22.4495 2571.86 4.97706 -9.716 0.1 0
22.4597 2571.91 4.8775 -9.71198 0.1 0
22.4702 2571.96 4.77587 -9.70763 0.1 0
22.4809 2572.01 4.67203 -9.70291 0.1 0
22.4918 2572.06 4.56583 -9.69778 0.1 0
22.5031 2572.11 4.4571 -9.69217 0.1 0
22.5146 2572.16 4.34566 -9.68602 0.1 0
22.5264 2572.21 4.23128 -9.67922 0.1 0
22.5385 2572.26 4.11373 -9.67167 0.1 0
22.5511 2572.31 3.99272 -9.66325 0.1 0
22.564 2572.36 3.86792 -9.65378 0.1 0
22.5774 2572.41 3.73897 -9.64305 0.1 0
22.5912 2572.46 3.60541 -9.63078 0.1 0
22.6057 2572.51 3.46671 -9.61661 0.1 0
22.6207 2572.56 3.32223 -9.60006 0.1 0
22.6365 2572.61 3.17117 -9.58045 0.1 0
22.6531 2572.66 3.01256 -9.55686 0.1 0
22.6706 2572.71 2.84511 -9.52791 0.1 0
22.6894 2572.76 2.66718 -9.49151 0.1 0
22.7096 2572.81 2.4765 -9.44434 0.1 0
22.7316 2572.86 2.26986 -9.38076 0.1 0
22.7561 2572.91 2.04243 -9.29032 0.1 0
22.7841 2572.96 1.78628 -9.15125 0.1 0
22.8177 2573.01 1.48663 -8.90933 0.1 0
22.8628 2573.06 1.10877 -8.37924 0.1 0
22.9631 2573.11 0.498671 -6.08472 0.1 0
23.0661 2573.511 -0.29 -9.773 0.1 0
23.116 2573.484 -0.779 -9.772 0
23.166 2573.433 -1.267 -9.772 0
23.216 2573.358 -1.756 -9.77 0
23.266 2573.258 -2.244 -9.766 0
23.316 2573.133 -2.732 -9.762 0
23.366 2572.984 -3.22 -9.758 0
23.416 2572.811 -3.708 -9.754 0
23.466 2572.614 -4.196 -9.75 0
23.516 2572.392 -4.683 -9.742 0
23.566 2572.145 -5.17 -9.733 0
23.616 2571.875 -5.656 -9.724 0
23.666 2571.58 -6.142 -9.714 0
23.716 2571.26 -6.628 -9.702 0
23.766 2570.917 -7.113 -9.688 0
23.816 2570.549 -7.597 -9.672 0
23.866 2570.157 -8.08 -9.652 0
23.916 2569.741 -8.562 -9.63 0
23.966 2569.301 -9.043 -9.608 0
24.016 2568.837 -9.523 -9.586 0
24.066 2568.349 -10.001 -9.563 0
24.073 2568.284 -10.051 -7.606 0
24.425 2564.268 -12.726 -7.587 0
24.723 2560.197 -14.634 -6.412 0
25.019 2555.617 -16.239 -5.41 0
25.323 2550.486 -17.586 -4.438 0
25.671 2544.147 -18.828 -3.567 0
26.065 2536.514 -19.908 -2.74 0
26.548 2526.665 -20.841 -1.932 0
27.048 2516.094 -21.442 -1.2 0
27.548 2505.287 -21.788 -0.692 0
28.048 2494.343 -21.987 -0.399 0
28.548 2483.322 -22.099 -0.224 0
29.048 2472.258 -22.155 -0.112 0
29.548 2461.173 -22.185 -0.058 0
30.048000000000002 2450.078 -22.194 -0.018 0
30.548000000000002 2438.982 -22.193 0.001 0
31.048000000000002 2427.886 -22.188 0.01 0
31.548000000000002 2416.794 -22.18 0.016 0
32.048 2405.707 -22.169 0.021 0
32.548 2394.625 -22.158 0.023 0
33.048 2383.549 -22.145 0.025 0
33.548 2372.48 -22.132 0.026 0
34.048 2361.417 -22.119 0.026 0
34.548 2350.36 -22.106 0.026 0
35.048 2339.31 -22.093 0.026 0
35.548 2328.267 -22.08 0.026 0
36.048 2317.23 -22.067 0.026 0
36.548 2306.2 -22.054 0.026 0
37.048 2295.177 -22.041 0.026 0
37.548 2284.159 -22.028 0.026 0
38.048 2273.149 -22.015 0.026 0
38.548 2262.145 -22.002 0.026 0
39.048 2251.147 -21.988 0.028 0
39.548 2240.156 -21.975 0.025 0
40.048 2229.172 -21.963 0.025 0
40.548 2218.194 -21.95 0.025 0
41.048 2207.222 -21.937 0.026 0
41.548 2196.257 -21.924 0.025 0
42.048 2185.298 -21.912 0.026 0
42.548 2174.345 -21.899 0.025 0
43.048 2163.399 -21.887 0.025 0
43.548 2152.459 -21.873 0.026 0
44.048 2141.525 -21.861 0.024 0
44.548 2130.598 -21.848 0.026 0
45.048 2119.676 -21.836 0.024 0
45.548 2108.762 -21.823 0.026 0
46.048 2097.853 -21.811 0.024 0
46.548 2086.951 -21.798 0.026 0
47.048 2076.055 -21.786 0.024 0
47.548 2065.164 -21.774 0.024 0
48.048 2054.28 -21.762 0.024 0
48.548 2043.402 -21.75 0.024 0
49.048 2032.5300000000002 -21.738 0.024 0
49.548 2021.665 -21.725 0.025 0
50.048 2010.8049999999998 -21.713 0.024 0
50.548 1999.951 -21.701 0.024 0
51.048 1989.1039999999998 -21.689 0.024 0
51.548 1978.2620000000002 -21.677 0.024 0
52.048 1967.426 -21.665 0.024 0
52.548 1956.5970000000002 -21.653 0.025 0
53.048 1945.774 -21.64 0.025 0
53.548 1934.9569999999999 -21.627 0.026 0
54.048 1924.1460000000002 -21.615 0.025 0
54.548 1913.342 -21.602 0.026 0
55.048 1902.5439999999999 -21.589 0.025 0
55.548 1891.7530000000002 -21.576 0.025 0
56.048 1880.9679999999998 -21.564 0.025 0
56.548 1870.1889999999999 -21.551 0.026 0
57.048 1859.4160000000002 -21.539 0.024 0
57.548 1848.65 -21.527 0.024 0
58.048 1837.8890000000001 -21.514 0.025 0
58.548 1827.1350000000002 -21.502 0.024 0
59.048 1816.3870000000002 -21.49 0.025 0
59.548 1805.645 -21.478 0.025 0
60.048 1794.9099999999999 -21.465 0.025 0
60.548 1784.1799999999998 -21.453 0.024 0
61.048 1773.4560000000001 -21.441 0.024 0
61.548 1762.739 -21.429 0.024 0
62.048 1752.027 -21.417 0.024 0
62.548 1741.3220000000001 -21.405 0.024 0
63.048 1730.6219999999998 -21.393 0.024 0
63.548 1719.929 -21.381 0.024 0
64.048 1709.241 -21.369 0.024 0
64.548 1698.56 -21.357 0.024 0
65.048 1687.884 -21.345 0.024 0
65.548 1677.2150000000001 -21.333 0.024 0
66.048 1666.551 -21.321 0.025 0
66.548 1655.893 -21.309 0.023 0
67.048 1645.2420000000002 -21.298 0.023 0
67.548 1634.596 -21.286 0.024 0
68.048 1623.9560000000001 -21.274 0.023 0
68.548 1613.3220000000001 -21.262 0.024 0
69.048 1602.694 -21.251 0.023 0
69.548 1592.071 -21.239 0.023 0
70.048 1581.4540000000002 -21.228 0.023 0
70.548 1570.844 -21.216 0.024 0
71.048 1560.239 -21.204 0.023 0
71.548 1549.6390000000001 -21.193 0.023 0
72.048 1539.0459999999998 -21.181 0.023 0
72.548 1528.458 -21.17 0.023 0
73.048 1517.8760000000002 -21.157 0.025 0
73.548 1507.3000000000002 -21.147 0.021 0
74.048 1496.73 -21.136 0.022 0
74.548 1486.1640000000002 -21.125 0.022 0
75.048 1475.605 -21.114 0.022 0
75.548 1465.051 -21.102 0.024 0
76.048 1454.5030000000002 -21.09 0.023 0
76.548 1443.9609999999998 -21.079 0.023 0
77.048 1433.4250000000002 -21.067 0.023 0
77.548 1422.8939999999998 -21.055 0.024 0
78.048 1412.37 -21.043 0.023 0
78.548 1401.851 -21.031 0.023 0
79.048 1391.3380000000002 -21.02 0.024 0
79.548 1380.8310000000001 -21.008 0.023 0
80.048 1370.33 -20.996 0.023 0
80.548 1359.835 -20.985 0.023 0
81.048 1349.346 -20.973 0.024 0
81.548 1338.862 -20.961 0.023 0
82.048 1328.3850000000002 -20.95 0.023 0
82.548 1317.913 -20.937 0.025 0
83.048 1307.447 -20.925 0.024 0
83.548 1296.987 -20.914 0.022 0
84.048 1286.533 -20.903 0.022 0
84.548 1276.084 -20.892 0.023 0
85.048 1265.641 -20.881 0.023 0
85.548 1255.204 -20.868 0.024 0
86.048 1244.772 -20.858 0.022 0
86.548 1234.346 -20.847 0.022 0
87.048 1223.926 -20.835 0.023 0
87.548 1213.511 -20.824 0.022 0
88.048 1203.101 -20.813 0.022 0
88.548 1192.698 -20.802 0.022 0
89.048 1182.299 -20.791 0.022 0
89.548 1171.907 -20.78 0.022 0
90.048 1161.52 -20.769 0.022 0
90.548 1151.138 -20.757 0.022 0
91.048 1140.762 -20.746 0.023 0
91.548 1130.392 -20.735 0.022 0
92.048 1120.027 -20.724 0.022 0
92.548 1109.668 -20.713 0.023 0
93.048 1099.314 -20.702 0.021 0
93.548 1088.966 -20.691 0.023 0
94.048 1078.623 -20.68 0.021 0
94.548 1068.285 -20.67 0.021 0
95.048 1057.953 -20.659 0.022 0
95.548 1047.626 -20.648 0.021 0
96.048 1037.305 -20.638 0.021 0
96.548 1026.989 -20.627 0.021 0
97.048 1016.6780000000001 -20.615 0.024 0
97.548 1006.373 -20.605 0.02 0
98.048 996.0740000000001 -20.594 0.021 0
98.548 985.779 -20.584 0.02 0
99.048 975.49 -20.574 0.021 0
99.548 965.2059999999999 -20.563 0.021 0
100.048 954.9269999999999 -20.551 0.023 0
100.548 944.654 -20.541 0.021 0
101.048 934.386 -20.53 0.022 0
101.548 924.124 -20.519 0.022 0
102.048 913.867 -20.508 0.022 0
102.548 903.616 -20.497 0.022 0
103.048 893.3710000000001 -20.485 0.023 0
103.548 883.1310000000001 -20.474 0.021 0
104.048 872.896 -20.464 0.022 0
104.548 862.6669999999999 -20.452 0.022 0
105.048 852.444 -20.442 0.021 0
105.548 842.2260000000001 -20.43 0.022 0
106.048 832.0129999999999 -20.42 0.021 0
106.548 821.806 -20.409 0.022 0
107.048 811.604 -20.398 0.021 0
107.548 801.4079999999999 -20.387 0.022 0
108.048 791.2170000000001 -20.377 0.021 0
108.548 781.0319999999999 -20.365 0.023 0
109.048 770.8520000000001 -20.355 0.021 0
109.548 760.6769999999999 -20.344 0.021 0
110.048 750.5070000000001 -20.334 0.021 0
110.548 740.3430000000001 -20.323 0.021 0
111.048 730.184 -20.313 0.021 0
111.548 720.03 -20.302 0.021 0
112.048 709.8820000000001 -20.292 0.021 0
112.548 699.738 -20.281 0.021 0
113.048 689.5999999999999 -20.271 0.021 0
113.548 679.4670000000001 -20.26 0.021 0
114.048 669.3399999999999 -20.25 0.021 0
114.548 659.2180000000001 -20.239 0.021 0
115.048 649.0999999999999 -20.229 0.021 0
115.548 638.988 -20.219 0.021 0
116.048 628.8820000000001 -20.208 0.021 0
116.548 618.78 -20.198 0.021 0
117.048 608.684 -20.188 0.02 0
117.548 598.5920000000001 -20.178 0.02 0
118.048 588.5060000000001 -20.168 0.02 0
118.548 578.425 -20.157 0.02 0
119.048 568.3489999999999 -20.147 0.021 0
119.548 558.278 -20.137 0.02 0
120.048 548.212 -20.127 0.021 0
120.548 538.1510000000001 -20.117 0.02 0
121.048 528.095 -20.107 0.02 0
121.548 518.0450000000001 -20.096 0.021 0
122.048 507.999 -20.086 0.019 0
122.548 497.9580000000001 -20.077 0.02 0
123.048 487.922 -20.067 0.02 0
123.548 477.8910000000001 -20.057 0.02 0
124.048 467.866 -20.047 0.02 0
124.548 457.845 -20.037 0.021 0
125.048 447.8299999999999 -20.024 0.026 0
125.548 437.81999999999994 -20.013 0.021 0
126.048 427.81600000000003 -20.004 0.019 0
126.548 417.817 -19.994 0.019 0
127.048 407.8219999999999 -19.984 0.02 0
127.548 397.8330000000001 -19.974 0.02 0
128.048 387.84899999999993 -19.964 0.02 0
128.548 377.8689999999999 -19.953 0.02 0
129.048 367.895 -19.943 0.021 0
129.548 357.92599999999993 -19.933 0.02 0
130.048 347.96299999999997 -19.922 0.021 0
130.548 338.0039999999999 -19.912 0.02 0
131.048 328.04999999999995 -19.902 0.02 0
131.548 318.1020000000001 -19.892 0.02 0
132.048 308.1579999999999 -19.882 0.021 0
132.548 298.22 -19.872 0.02 0
133.048 288.28700000000003 -19.862 0.02 0
133.548 278.35799999999995 -19.851 0.02 0
134.048 268.43499999999995 -19.842 0.02 0
134.548 258.51700000000005 -19.832 0.02 0
135.048 248.60299999999995 -19.822 0.02 0
135.548 238.69500000000005 -19.811 0.02 0
136.048 228.79200000000003 -19.801 0.021 0
136.548 218.894 -19.792 0.019 0
137.048 209.0 -19.782 0.019 0
137.548 199.11199999999997 -19.772 0.02 0
138.048 189.22900000000004 -19.762 0.02 0
138.548 179.35000000000002 -19.752 0.021 0
139.048 169.47699999999998 -19.742 0.019 0
139.548 159.60799999999995 -19.733 0.019 0
140.048 149.74400000000003 -19.723 0.019 0
140.548 139.885 -19.713 0.02 0
141.048 130.03099999999995 -19.704 0.019 0
141.548 120.18100000000004 -19.694 0.019 0
142.048 110.33699999999999 -19.684 0.02 0
142.548 100.49699999999996 -19.675 0.019 0
143.048 90.66200000000003 -19.665 0.019 0
143.548 80.832 -19.656 0.019 0
144.048 71.00699999999995 -19.646 0.019 0
144.548 61.186000000000035 -19.636 0.02 0
145.048 51.370000000000005 -19.627 0.019 0
145.548 41.559999999999945 -19.615 0.023 0
146.048 31.75400000000002 -19.607 0.018 0
146.548 21.952999999999975 -19.597 0.019 0
147.048 12.157000000000039 -19.588 0.017 0
147.548 2.365000000000009 -19.579 0.019 0
148.048 0.84625 -2.153 18.153 0
148.548 0.0356 -0.01589 12.3658 0
149.048 0.0456 0.02589 0.012 0
149.548 -0.0386 -0.01589 0.0356 0
150.048 0.0356 0.01589 -0.12589 0