25.116,3310.484,-0.779,-9.772,74.893,0.455
25.166,3310.433,-1.267,-9.772,80.502,0.456
25.216,3310.358,-1.756,-9.77,85.635,0.454
25.266,3310.258,-2.244,-9.766,90.012,0.451
25.316,3310.133,-2.732,-9.762,93.88,0.447
25.366,3309.984,-3.22,-9.758,97.997,0.445
25.416,3309.811,-3.708,-9.754,101.89,0.442
25.466,3309.614,-4.196,-9.75,105.485,0.44
25.516,3309.392,-4.683,-9.742,108.145,0.436
25.566,3309.145,-5.17,-9.733,110.276,0.432
25.616,3308.875,-5.656,-9.724,112.827,0.429
25.666,3308.58,-6.142,-9.714,114.908,0.426
25.716,3308.26,-6.628,-9.702,116.881,0.424
25.766,3307.917,-7.113,-9.688,118.575,0.421
25.816,3307.549,-7.597,-9.672,119.978,0.418
25.866,3307.157,-8.08,-9.652,120.95,0.415
25.916,3306.741,-8.562,-9.63,121.967,0.413
25.966,3306.301,-9.043,-9.608,123.134,0.41
26.016,3305.837,-9.523,-9.586,124.432,0.408
26.066,3305.349,-10.001,-9.563,125.769,0.406
26.073,3305.284,-10.051,-7.606,NaN,NaN
26.425,3301.268,-12.726,-7.587,NaN,NaN
26.723,3297.197,-14.634,-6.412,NaN,NaN
27.019,3292.617,-16.239,-5.41,NaN,NaN
27.323,3287.486,-17.586,-4.438,NaN,NaN
27.671,3281.147,-18.828,-3.567,NaN,NaN
28.065,3273.514,-19.908,-2.74,NaN,NaN
28.548,3263.665,-20.841,-1.932,NaN,NaN
29.048,3253.094,-21.442,-1.2,NaN,NaN
29.548,3242.287,-21.788,-0.692,NaN,NaN
30.048,3231.343,-21.987,-0.399,NaN,NaN
30.548,3220.322,-22.099,-0.224,NaN,NaN
31.048,3209.258,-22.155,-0.112,NaN,NaN
31.548,3198.173,-22.185,-0.058,NaN,NaN
32.048,3187.078,-22.194,-0.018,NaN,NaN
32.548,3175.982,-22.193,0.001,NaN,NaN
33.048,3164.886,-22.188,0.01,NaN,NaN
33.548,3153.794,-22.18,0.016,NaN,NaN
34.048,3142.707,-22.169,0.021,NaN,NaN
34.548,3131.625,-22.158,0.023,NaN,NaN
35.048,3120.549,-22.145,0.025,NaN,NaN
35.548,3109.48,-22.132,0.026,NaN,NaN
36.048,3098.417,-22.119,0.026,NaN,NaN
36.548,3087.36,-22.106,0.026,NaN,NaN
37.048,3076.31,-22.093,0.026,NaN,NaN
37.548,3065.267,-22.08,0.026,NaN,NaN
38.048,3054.23,-22.067,0.026,NaN,NaN
38.548,3043.2,-22.054,0.026,NaN,NaN
39.048,3032.177,-22.041,0.026,NaN,NaN
39.548,3021.159,-22.028,0.026,NaN,NaN
40.048,3010.149,-22.015,0.026,NaN,NaN
40.548,2999.145,-22.002,0.026,NaN,NaN
41.048,2988.147,-21.988,0.028,NaN,NaN
41.548,2977.156,-21.975,0.025,NaN,NaN
42.048,2966.172,-21.963,0.025,NaN,NaN
42.548,2955.194,-21.95,0.025,NaN,NaN
43.048,2944.222,-21.937,0.026,NaN,NaN
43.548,2933.257,-21.924,0.025,NaN,NaN
44.048,2922.298,-21.912,0.026,NaN,NaN
44.548,2911.345,-21.899,0.025,NaN,NaN
45.048,2900.399,-21.887,0.025,NaN,NaN
45.548,2889.459,-21.873,0.026,NaN,NaN
46.048,2878.525,-21.861,0.024,NaN,NaN
46.548,2867.598,-21.848,0.026,NaN,NaN
47.048,2856.676,-21.836,0.024,NaN,NaN
47.548,2845.762,-21.823,0.026,NaN,NaN
48.048,2834.853,-21.811,0.024,NaN,NaN
48.548,2823.951,-21.798,0.026,NaN,NaN
49.048,2813.055,-21.786,0.024,NaN,NaN
49.548,2802.164,-21.774,0.024,NaN,NaN
50.048,2791.28,-21.762,0.024,NaN,NaN
50.548,2780.402,-21.75,0.024,NaN,NaN
51.048,2769.53,-21.738,0.024,NaN,NaN
51.548,2758.665,-21.725,0.025,NaN,NaN
52.048,2747.805,-21.713,0.024,NaN,NaN
52.548,2736.951,-21.701,0.024,NaN,NaN
53.048,2726.104,-21.689,0.024,NaN,NaN
53.548,2715.262,-21.677,0.024,NaN,NaN
54.048,2704.426,-21.665,0.024,NaN,NaN
54.548,2693.597,-21.653,0.025,NaN,NaN
55.048,2682.774,-21.64,0.025,NaN,NaN
55.548,2671.957,-21.627,0.026,NaN,NaN
56.048,2661.146,-21.615,0.025,NaN,NaN
56.548,2650.342,-21.602,0.026,NaN,NaN
57.048,2639.544,-21.589,0.025,NaN,NaN
57.548,2628.753,-21.576,0.025,NaN,NaN
58.048,2617.968,-21.564,0.025,NaN,NaN
58.548,2607.189,-21.551,0.026,NaN,NaN
59.048,2596.416,-21.539,0.024,NaN,NaN
59.548,2585.65,-21.527,0.024,NaN,NaN
60.048,2574.889,-21.514,0.025,NaN,NaN
60.548,2564.135,-21.502,0.024,NaN,NaN
61.048,2553.387,-21.49,0.025,NaN,NaN
61.548,2542.645,-21.478,0.025,NaN,NaN
62.048,2531.91,-21.465,0.025,NaN,NaN
62.548,2521.18,-21.453,0.024,NaN,NaN
63.048,2510.456,-21.441,0.024,NaN,NaN
63.548,2499.739,-21.429,0.024,NaN,NaN
64.048,2489.027,-21.417,0.024,NaN,NaN
64.548,2478.322,-21.405,0.024,NaN,NaN
65.048,2467.622,-21.393,0.024,NaN,NaN
65.548,2456.929,-21.381,0.024,NaN,NaN
66.048,2446.241,-21.369,0.024,NaN,NaN
66.548,2435.56,-21.357,0.024,NaN,NaN
67.048,2424.884,-21.345,0.024,NaN,NaN
67.548,2414.215,-21.333,0.024,NaN,NaN
68.048,2403.551,-21.321,0.025,NaN,NaN
68.548,2392.893,-21.309,0.023,NaN,NaN
69.048,2382.242,-21.298,0.023,NaN,NaN
69.548,2371.596,-21.286,0.024,NaN,NaN
70.048,2360.956,-21.274,0.023,NaN,NaN
70.548,2350.322,-21.262,0.024,NaN,NaN
71.048,2339.694,-21.251,0.023,NaN,NaN
71.548,2329.071,-21.239,0.023,NaN,NaN
72.048,2318.454,-21.228,0.023,NaN,NaN
72.548,2307.844,-21.216,0.024,NaN,NaN
73.048,2297.239,-21.204,0.023,NaN,NaN
73.548,2286.639,-21.193,0.023,NaN,NaN
74.048,2276.046,-21.181,0.023,NaN,NaN
74.548,2265.458,-21.17,0.023,NaN,NaN
75.048,2254.876,-21.157,0.025,NaN,NaN
75.548,2244.3,-21.147,0.021,NaN,NaN
76.048,2233.73,-21.136,0.022,NaN,NaN
76.548,2223.164,-21.125,0.022,NaN,NaN
77.048,2212.605,-21.114,0.022,NaN,NaN
77.548,2202.051,-21.102,0.024,NaN,NaN
78.048,2191.503,-21.09,0.023,NaN,NaN
78.548,2180.961,-21.079,0.023,NaN,NaN
79.048,2170.425,-21.067,0.023,NaN,NaN
79.548,2159.894,-21.055,0.024,NaN,NaN
80.048,2149.37,-21.043,0.023,NaN,NaN
80.548,2138.851,-21.031,0.023,NaN,NaN
81.048,2128.338,-21.02,0.024,NaN,NaN
81.548,2117.831,-21.008,0.023,NaN,NaN
82.048,2107.33,-20.996,0.023,NaN,NaN
82.548,2096.835,-20.985,0.023,NaN,NaN
83.048,2086.346,-20.973,0.024,NaN,NaN
83.548,2075.862,-20.961,0.023,NaN,NaN
84.048,2065.385,-20.95,0.023,NaN,NaN
84.548,2054.913,-20.937,0.025,NaN,NaN
85.048,2044.447,-20.925,0.024,NaN,NaN
85.548,2033.987,-20.914,0.022,NaN,NaN
86.048,2023.533,-20.903,0.022,NaN,NaN
86.548,2013.084,-20.892,0.023,NaN,NaN
87.048,2002.641,-20.881,0.023,NaN,NaN
87.548,1992.204,-20.868,0.024,NaN,NaN
88.048,1981.772,-20.858,0.022,NaN,NaN
88.548,1971.346,-20.847,0.022,NaN,NaN
89.048,1960.926,-20.835,0.023,NaN,NaN
89.548,1950.511,-20.824,0.022,NaN,NaN
90.048,1940.101,-20.813,0.022,NaN,NaN
90.548,1929.698,-20.802,0.022,NaN,NaN
91.048,1919.299,-20.791,0.022,NaN,NaN
91.548,1908.907,-20.78,0.022,NaN,NaN
92.048,1898.52,-20.769,0.022,NaN,NaN
92.548,1888.138,-20.757,0.022,NaN,NaN
93.048,1877.762,-20.746,0.023,NaN,NaN
93.548,1867.392,-20.735,0.022,NaN,NaN
94.048,1857.027,-20.724,0.022,NaN,NaN
94.548,1846.668,-20.713,0.023,NaN,NaN
95.048,1836.314,-20.702,0.021,NaN,NaN
95.548,1825.966,-20.691,0.023,NaN,NaN
96.048,1815.623,-20.68,0.021,NaN,NaN
96.548,1805.285,-20.67,0.021,NaN,NaN
97.048,1794.953,-20.659,0.022,NaN,NaN
97.548,1784.626,-20.648,0.021,NaN,NaN
98.048,1774.305,-20.638,0.021,NaN,NaN
98.548,1763.989,-20.627,0.021,NaN,NaN
99.048,1753.678,-20.615,0.024,NaN,NaN
99.548,1743.373,-20.605,0.02,NaN,NaN
100.048,1733.074,-20.594,0.021,NaN,NaN
100.548,1722.779,-20.584,0.02,NaN,NaN
101.048,1712.49,-20.574,0.021,NaN,NaN
101.548,1702.206,-20.563,0.021,NaN,NaN
102.048,1691.927,-20.551,0.023,NaN,NaN
102.548,1681.654,-20.541,0.021,NaN,NaN
103.048,1671.386,-20.53,0.022,NaN,NaN
103.548,1661.124,-20.519,0.022,NaN,NaN
104.048,1650.867,-20.508,0.022,NaN,NaN
104.548,1640.616,-20.497,0.022,NaN,NaN
105.048,1630.371,-20.485,0.023,NaN,NaN
105.548,1620.131,-20.474,0.021,NaN,NaN
106.048,1609.896,-20.464,0.022,NaN,NaN
106.548,1599.667,-20.452,0.022,NaN,NaN
107.048,1589.444,-20.442,0.021,NaN,NaN
107.548,1579.226,-20.43,0.022,NaN,NaN
108.048,1569.013,-20.42,0.021,NaN,NaN
108.548,1558.806,-20.409,0.022,NaN,NaN
109.048,1548.604,-20.398,0.021,NaN,NaN
109.548,1538.408,-20.387,0.022,NaN,NaN
110.048,1528.217,-20.377,0.021,NaN,NaN
110.548,1518.032,-20.365,0.023,NaN,NaN
111.048,1507.852,-20.355,0.021,NaN,NaN
111.548,1497.677,-20.344,0.021,NaN,NaN
112.048,1487.507,-20.334,0.021,NaN,NaN
112.548,1477.343,-20.323,0.021,NaN,NaN
113.048,1467.184,-20.313,0.021,NaN,NaN
113.548,1457.03,-20.302,0.021,NaN,NaN
114.048,1446.882,-20.292,0.021,NaN,NaN
114.548,1436.738,-20.281,0.021,NaN,NaN
115.048,1426.6,-20.271,0.021,NaN,NaN
115.548,1416.467,-20.26,0.021,NaN,NaN
116.048,1406.34,-20.25,0.021,NaN,NaN
116.548,1396.218,-20.239,0.021,NaN,NaN
117.048,1386.1,-20.229,0.021,NaN,NaN
117.548,1375.988,-20.219,0.021,NaN,NaN
118.048,1365.882,-20.208,0.021,NaN,NaN
118.548,1355.78,-20.198,0.021,NaN,NaN
119.048,1345.684,-20.188,0.02,NaN,NaN
119.548,1335.592,-20.178,0.02,NaN,NaN
120.048,1325.506,-20.168,0.02,NaN,NaN
120.548,1315.425,-20.157,0.02,NaN,NaN
121.048,1305.349,-20.147,0.021,NaN,NaN
121.548,1295.278,-20.137,0.02,NaN,NaN
122.048,1285.212,-20.127,0.021,NaN,NaN
122.548,1275.151,-20.117,0.02,NaN,NaN
123.048,1265.095,-20.107,0.02,NaN,NaN
123.548,1255.045,-20.096,0.021,NaN,NaN
124.048,1244.999,-20.086,0.019,NaN,NaN
124.548,1234.958,-20.077,0.02,NaN,NaN
125.048,1224.922,-20.067,0.02,NaN,NaN
125.548,1214.891,-20.057,0.02,NaN,NaN
126.048,1204.866,-20.047,0.02,NaN,NaN
126.548,1194.845,-20.037,0.021,NaN,NaN
127.048,1184.83,-20.024,0.026,NaN,NaN
127.548,1174.82,-20.013,0.021,NaN,NaN
128.048,1164.816,-20.004,0.019,NaN,NaN
128.548,1154.817,-19.994,0.019,NaN,NaN
129.048,1144.822,-19.984,0.02,NaN,NaN
129.548,1134.833,-19.974,0.02,NaN,NaN
130.048,1124.849,-19.964,0.02,NaN,NaN
130.548,1114.869,-19.953,0.02,NaN,NaN
131.048,1104.895,-19.943,0.021,NaN,NaN
131.548,1094.926,-19.933,0.02,NaN,NaN
132.048,1084.963,-19.922,0.021,NaN,NaN
132.548,1075.004,-19.912,0.02,NaN,NaN
133.048,1065.05,-19.902,0.02,NaN,NaN
133.548,1055.102,-19.892,0.02,NaN,NaN
134.048,1045.158,-19.882,0.021,NaN,NaN
134.548,1035.22,-19.872,0.02,NaN,NaN
135.048,1025.287,-19.862,0.02,NaN,NaN
135.548,1015.358,-19.851,0.02,NaN,NaN
136.048,1005.435,-19.842,0.02,NaN,NaN
136.548,995.517,-19.832,0.02,NaN,NaN
137.048,985.603,-19.822,0.02,NaN,NaN
137.548,975.695,-19.811,0.02,NaN,NaN
138.048,965.792,-19.801,0.021,NaN,NaN
138.548,955.894,-19.792,0.019,NaN,NaN
139.048,946,-19.782,0.019,NaN,NaN
139.548,936.112,-19.772,0.02,NaN,NaN
140.048,926.229,-19.762,0.02,NaN,NaN
140.548,916.35,-19.752,0.021,NaN,NaN
141.048,906.477,-19.742,0.019,NaN,NaN
141.548,896.608,-19.733,0.019,NaN,NaN
142.048,886.744,-19.723,0.019,NaN,NaN
142.548,876.885,-19.713,0.02,NaN,NaN
143.048,867.031,-19.704,0.019,NaN,NaN
143.548,857.181,-19.694,0.019,NaN,NaN
144.048,847.337,-19.684,0.02,NaN,NaN
144.548,837.497,-19.675,0.019,NaN,NaN
145.048,827.662,-19.665,0.019,NaN,NaN
145.548,817.832,-19.656,0.019,NaN,NaN
146.048,808.007,-19.646,0.019,NaN,NaN
146.548,798.186,-19.636,0.02,NaN,NaN
147.048,788.37,-19.627,0.019,NaN,NaN
147.548,778.56,-19.615,0.023,NaN,NaN
148.048,768.754,-19.607,0.018,NaN,NaN
148.548,758.953,-19.597,0.019,NaN,NaN
149.048,749.157,-19.588,0.017,NaN,NaN
149.548,739.365,-19.579,0.019,NaN,NaN
150.048,729.578,-19.569,0.02,NaN,NaN
150.548,719.796,-19.56,0.018,NaN,NaN
151.048,710.018,-19.551,0.017,NaN,NaN
151.548,700.245,-19.542,0.019,NaN,NaN
152.048,690.477,-19.532,0.02,NaN,NaN
152.548,680.713,-19.522,0.019,NaN,NaN
153.048,670.955,-19.513,0.019,NaN,NaN
153.548,661.201,-19.503,0.02,NaN,NaN
154.048,651.452,-19.493,0.019,NaN,NaN
154.548,641.708,-19.483,0.02,NaN,NaN
155.048,631.968,-19.473,0.021,NaN,NaN
155.548,622.234,-19.464,0.019,NaN,NaN
156.048,612.505,-19.454,0.019,NaN,NaN
156.548,602.78,-19.445,0.019,NaN,NaN
157.048,593.06,-19.435,0.019,NaN,NaN
157.548,583.345,-19.426,0.019,NaN,NaN
158.048,573.635,-19.416,0.019,NaN,NaN
158.548,563.929,-19.406,0.019,NaN,NaN
159.048,554.228,-19.396,0.02,NaN,NaN
159.548,544.533,-19.387,0.019,NaN,NaN
160.048,534.842,-19.377,0.02,NaN,NaN
160.548,525.156,-19.368,0.018,NaN,NaN
161.048,515.474,-19.359,0.018,NaN,NaN
161.548,505.797,-19.349,0.019,NaN,NaN
162.048,496.125,-19.34,0.019,NaN,NaN
162.548,486.457,-19.331,0.018,NaN,NaN
163.048,476.794,-19.321,0.018,NaN,NaN
163.548,467.136,-19.312,0.019,NaN,NaN
164.048,457.482,-19.303,0.018,NaN,NaN
164.548,447.834,-19.293,0.018,NaN,NaN
165.048,438.189,-19.284,0.019,NaN,NaN
165.548,428.55,-19.274,0.019,NaN,NaN
166.048,418.915,-19.265,0.019,NaN,NaN
166.548,409.285,-19.256,0.018,NaN,NaN
167.048,399.659,-19.246,0.02,NaN,NaN
167.548,390.038,-19.237,0.018,NaN,NaN
168.048,380.422,-19.228,0.018,NaN,NaN
168.548,370.81,-19.219,0.018,NaN,NaN
169.048,361.202,-19.21,0.018,NaN,NaN
169.548,351.6,-19.201,0.018,NaN,NaN
170.048,342.001,-19.192,0.018,NaN,NaN
170.548,332.407,-19.183,0.019,NaN,NaN
171.048,322.818,-19.174,0.017,NaN,NaN
171.548,313.233,-19.165,0.018,NaN,NaN
172.048,303.653,-19.156,0.017,NaN,NaN
172.548,294.077,-19.148,0.017,NaN,NaN
172.554,293.97,-18.648,88.373,NaN,NaN
172.555,293.949,-18.554,83.313,NaN,NaN
172.556,293.927,-18.455,82.385,NaN,NaN
172.558,293.904,-18.355,81.401,NaN,NaN
172.559,293.881,-18.255,80.418,NaN,NaN
172.56,293.858,-18.154,79.436,NaN,NaN
172.561,293.835,-18.053,78.453,NaN,NaN
172.563,293.811,-17.951,77.471,NaN,NaN
172.564,293.787,-17.849,76.489,NaN,NaN
172.565,293.763,-17.746,75.508,NaN,NaN
172.567,293.738,-17.642,74.526,NaN,NaN
172.568,293.714,-17.538,73.545,NaN,NaN
172.57,293.688,-17.433,72.564,NaN,NaN
172.571,293.663,-17.328,71.583,NaN,NaN
172.573,293.637,-17.222,70.602,NaN,NaN
172.574,293.611,-17.115,69.622,NaN,NaN
172.576,293.584,-17.008,68.642,NaN,NaN
172.577,293.557,-16.9,67.662,NaN,NaN
172.579,293.529,-16.792,66.683,NaN,NaN
172.581,293.502,-16.682,65.704,NaN,NaN
172.582,293.473,-16.572,64.725,NaN,NaN
172.584,293.445,-16.462,63.746,NaN,NaN
172.586,293.416,-16.35,62.768,NaN,NaN
172.588,293.386,-16.238,61.79,NaN,NaN
172.59,293.356,-16.126,60.812,NaN,NaN
172.591,293.326,-16.012,59.834,NaN,NaN
172.593,293.295,-15.898,58.857,NaN,NaN
172.595,293.263,-15.783,57.881,NaN,NaN
172.597,293.231,-15.667,56.904,NaN,NaN
172.6,293.198,-15.55,55.928,NaN,NaN
172.602,293.165,-15.432,54.953,NaN,NaN
172.604,293.132,-15.314,53.978,NaN,NaN
172.606,293.097,-15.195,53.003,NaN,NaN
172.608,293.062,-15.075,52.029,NaN,NaN
172.611,293.027,-14.954,51.055,NaN,NaN
172.613,292.99,-14.832,50.082,NaN,NaN
172.616,292.953,-14.709,49.109,NaN,NaN
172.618,292.916,-14.585,48.137,NaN,NaN
172.621,292.877,-14.46,47.165,NaN,NaN
172.624,292.838,-14.334,46.193,NaN,NaN
172.626,292.798,-14.207,45.223,NaN,NaN
172.629,292.757,-14.079,44.252,NaN,NaN
172.632,292.715,-13.95,43.283,NaN,NaN
172.635,292.672,-13.819,42.314,NaN,NaN
172.639,292.629,-13.688,41.345,NaN,NaN
172.642,292.584,-13.555,40.378,NaN,NaN
172.645,292.538,-13.422,39.411,NaN,NaN
172.649,292.491,-13.287,38.444,NaN,NaN
172.652,292.443,-13.15,37.479,NaN,NaN
172.656,292.394,-13.013,36.514,NaN,NaN
172.66,292.343,-12.874,35.55,NaN,NaN
172.664,292.291,-12.733,34.587,NaN,NaN
172.668,292.238,-12.592,33.625,NaN,NaN
172.673,292.183,-12.448,32.663,NaN,NaN
172.677,292.127,-12.304,31.703,NaN,NaN
172.682,292.068,-12.157,30.744,NaN,NaN
172.687,292.008,-12.009,29.786,NaN,NaN
172.692,291.946,-11.86,28.829,NaN,NaN
172.698,291.882,-11.708,27.873,NaN,NaN
172.703,291.816,-11.555,26.918,NaN,NaN
172.709,291.748,-11.401,25.965,NaN,NaN
172.716,291.677,-11.245,25.013,NaN,NaN
172.722,291.604,-11.086,24.066,NaN,NaN
172.729,291.528,-10.926,23.12,NaN,NaN
172.736,291.448,-10.764,22.176,NaN,NaN
172.744,291.366,-10.6,21.234,NaN,NaN
172.752,291.279,-10.433,20.294,NaN,NaN
172.761,291.189,-10.264,19.357,NaN,NaN
172.77,291.094,-10.093,18.419,NaN,NaN
172.78,290.995,-9.918,17.483,NaN,NaN
172.791,290.89,-9.742,16.55,NaN,NaN
172.802,290.779,-9.563,15.62,NaN,NaN
172.815,290.662,-9.381,14.694,NaN,NaN
172.828,290.537,-9.196,13.771,NaN,NaN
172.843,290.404,-9.009,12.853,NaN,NaN
172.859,290.262,-8.818,11.94,NaN,NaN
172.876,290.109,-8.625,11.031,NaN,NaN
172.896,289.945,-8.43,10.127,NaN,NaN
172.917,289.767,-8.232,9.237,NaN,NaN
172.941,289.569,-8.029,8.353,NaN,NaN
172.969,289.352,-7.824,7.471,NaN,NaN
173,289.109,-7.617,6.6,NaN,NaN
173.036,288.837,-7.409,5.743,NaN,NaN
173.079,288.522,-7.197,4.905,NaN,NaN
173.132,288.153,-6.985,4.079,NaN,NaN
173.195,287.715,-6.776,3.273,NaN,NaN
173.278,287.164,-6.569,2.507,NaN,NaN
173.389,286.445,-6.373,1.771,NaN,NaN
173.55,285.432,-6.197,1.088,NaN,NaN
173.769,284.089,-6.089,0.495,NaN,NaN
174.269,281.062,-6.018,0.143,NaN,NaN
174.769,278.042,-6.06,-0.084,NaN,NaN
175.269,275.019,-6.033,0.055,NaN,NaN
175.769,271.998,-6.049,-0.032,NaN,NaN
176.269,268.977,-6.036,0.025,NaN,NaN
176.769,265.957,-6.044,-0.016,NaN,NaN
177.269,262.936,-6.039,0.01,NaN,NaN
177.769,259.917,-6.035,0.008,NaN,NaN
178.269,256.898,-6.04,-0.01,NaN,NaN
178.769,253.879,-6.037,0.007,NaN,NaN
179.269,250.86,-6.039,-0.004,NaN,NaN
179.769,247.842,-6.034,0.009,NaN,NaN
180.269,244.826,-6.031,0.007,NaN,NaN
180.769,241.811,-6.031,-0,NaN,NaN
181.269,238.794,-6.035,-0.008,NaN,NaN
181.769,235.78,-6.023,0.024,NaN,NaN
182.269,232.765,-6.039,-0.031,NaN,NaN
182.769,229.748,-6.027,0.022,NaN,NaN
183.269,226.734,-6.03,-0.006,NaN,NaN
183.769,223.719,-6.028,0.005,NaN,NaN
184.269,220.707,-6.022,0.011,NaN,NaN
184.769,217.695,-6.023,-0.002,NaN,NaN
185.269,214.682,-6.03,-0.013,NaN,NaN
185.76,211.731,-5.995,0.071,NaN,NaN
186.183,209.184,-6.037,-0.099,NaN,NaN
186.683,206.17,-6.017,0.04,NaN,NaN
187.183,203.159,-6.028,-0.022,NaN,NaN
187.683,200.148,-6.018,0.019,NaN,NaN
188.183,197.137,-6.024,-0.011,NaN,NaN
188.683,194.126,-6.019,0.01,NaN,NaN
189.183,191.118,-6.015,0.008,NaN,NaN
189.683,188.109,-6.02,-0.009,NaN,NaN
190.183,185.1,-6.017,0.007,NaN,NaN
190.683,182.091,-6.018,-0.002,NaN,NaN
191.183,179.083,-6.016,0.004,NaN,NaN
191.683,176.076,-6.015,0.002,NaN,NaN
192.183,173.069,-6.011,0.008,NaN,NaN
192.683,170.063,-6.013,-0.005,NaN,NaN
193.183,167.057,-6.012,0.002,NaN,NaN
193.683,164.052,-6.008,0.008,NaN,NaN
194.183,161.047,-6.011,-0.006,NaN,NaN
194.683,158.042,-6.009,0.005,NaN,NaN
195.183,155.038,-6.009,0,NaN,NaN
195.683,152.034,-6.008,0.002,NaN,NaN
196.183,149.031,-6.005,0.006,NaN,NaN
196.683,146.028,-6.007,-0.005,NaN,NaN
197.183,143.025,-6.004,0.006,NaN,NaN
197.683,140.023,-6.004,0,NaN,NaN
198.183,137.021,-6.001,0.007,NaN,NaN
198.683,134.021,-6.002,-0.003,NaN,NaN
199.183,131.02,-6,0.005,NaN,NaN
199.683,128.02,-6.001,-0.003,NaN,NaN
200.183,125.023,-5.987,0.03,NaN,NaN
200.683,122.025,-6.006,-0.04,NaN,NaN
201.183,119.025,-5.993,0.028,NaN,NaN
201.683,116.028,-5.996,-0.006,NaN,NaN
202.183,113.03,-5.996,-0.001,NaN,NaN
202.683,110.032,-5.994,0.004,NaN,NaN
203.183,107.035,-5.995,-0.001,NaN,NaN
203.683,104.04,-5.987,0.015,NaN,NaN
204.183,101.045,-5.992,-0.01,NaN,NaN
204.683,98.051,-5.981,0.022,NaN,NaN
205.15,95.254,-5.991,-0.021,NaN,NaN
205.616,92.466,-5.982,0.02,NaN,NaN
206.116,89.472,-5.993,-0.023,NaN,NaN
206.616,86.479,-5.98,0.027,NaN,NaN
207.116,83.487,-5.988,-0.018,NaN,NaN
207.616,80.494,-5.985,0.006,NaN,NaN
208.116,77.504,-5.974,0.022,NaN,NaN
208.611,74.54,-5.988,-0.028,NaN,NaN
209.111,71.549,-5.978,0.02,NaN,NaN
209.611,68.56,-5.977,0.003,NaN,NaN
210.039,66.003,-5.977,-0,NaN,NaN
210.489,63.314,-5.98,-0.007,NaN,NaN
210.989,60.325,-5.978,0.004,NaN,NaN
211.489,57.335,-5.98,-0.005,NaN,NaN
211.989,54.346,-5.977,0.007,NaN,NaN
212.489,51.358,-5.976,0.002,NaN,NaN
212.989,48.372,-5.966,0.019,NaN,NaN
213.3,46.517,-5.962,0.014,NaN,NaN
213.705,44.097,-5.979,-0.042,NaN,NaN
214.205,41.11,-5.967,0.025,NaN,NaN
214.705,38.124,-5.978,-0.023,NaN,NaN
215.205,35.137,-5.969,0.019,NaN,NaN
215.705,32.155,-5.961,0.015,NaN,NaN
216.205,29.171,-5.974,-0.026,NaN,NaN
216.705,26.187,-5.964,0.02,NaN,NaN
217.122,23.703,-5.957,0.017,NaN,NaN
217.622,20.72,-5.976,-0.038,NaN,NaN
218.122,17.736,-5.963,0.027,NaN,NaN
218.574,15.042,-5.944,0.042,NaN,NaN
218.921,12.98,-5.968,-0.071,NaN,NaN
219.421,9.998,-5.96,0.016,NaN,NaN
219.921,7.018,-5.96,0.001,NaN,NaN
220.421,4.037,-5.965,-0.011,NaN,NaN
220.921,1.059,-5.946,0.038,NaN,NaN